time,open,high,low,close,volume
2021-11-19 20:00:00,330.59087840199294,332.3986958282222,330.41109545352816,331.8293831580837,36100
2021-11-19 19:45:00,330.1314330892496,330.9304684157598,329.9216863160407,330.60086634357435,20266
2021-11-19 19:30:00,329.85177072497106,330.20134868031926,329.8118189586455,330.0215657318545,12262
2021-11-19 19:15:00,329.2025545221816,330.3711436872026,329.12265098953054,329.8917224912966,23763
2021-11-19 19:00:00,329.71193954283183,330.0015898486917,329.3024339379953,329.3024339379953,49037
2021-11-19 18:45:00,331.49978108589823,331.59966050171204,329.452253061716,329.71193954283183,75949
2021-11-19 18:30:00,332.24887670450147,332.3787199450594,331.1402151889687,331.5597087353865,36053
2021-11-19 18:15:00,331.2500825463638,332.4486355361291,331.1901548968755,332.0990575807809,48584
2021-11-19 18:00:00,330.21133662190067,331.38991372850313,330.1014692645055,331.38991372850313,28535
2021-11-19 17:45:00,329.9216863160407,330.301228096133,329.452253061716,330.301228096133,29809
2021-11-19 17:30:00,329.8417827833897,330.0415416150172,329.452253061716,329.85177072497106,158785
2021-11-19 17:15:00,329.6220480685994,329.85177072497106,329.612060127018,329.75189130915726,28786
2021-11-19 17:00:00,329.95165014078486,329.95165014078486,329.452253061716,329.6220480685994,48736
2021-11-19 16:45:00,329.60207218543667,329.95165014078486,329.452253061716,329.95165014078486,185457
2021-11-19 16:30:00,329.8617586665524,329.90171043287796,329.452253061716,329.60207218543667,189067
2021-11-19 16:15:00,329.60207218543667,330.2612763298075,329.452253061716,329.8417827833897,659914
2021-11-19 16:00:00,329.03275951529815,329.68197571808764,328.22373624720666,329.60207218543667,2546097
2021-11-19 15:45:00,329.50219276962287,329.98161396552894,328.21374830562524,329.03275951529815,1516128
2021-11-19 15:30:00,329.1426268726933,330.4810110445978,328.42349507883415,329.50149361371217,2103199
2021-11-19 15:15:00,328.4135071372528,329.60207218543667,328.01398947399775,329.1875726098095,1208761
2021-11-19 15:00:00,328.80803082971715,329.452253061716,327.9740377076722,328.38354331250866,947613
2021-11-19 14:45:00,328.153820656137,329.0527353984609,327.5944959275799,328.842988625252,988243
2021-11-19 14:30:00,328.0938930066487,329.1326389311119,327.8741582918584,328.1459301822877,1185589
2021-11-19 14:15:00,328.47343478674105,328.8829403915775,327.6278556524617,328.0439532987418,1005933
2021-11-19 14:00:00,326.8803581045114,329.1026751063678,326.53577411995394,328.47842875753173,1401705
2021-11-19 13:45:00,326.61368006428864,329.1026751063678,325.43710054600245,326.87037016293004,1150869
2021-11-19 13:30:00,328.9478620118565,329.18157984486066,326.26560030017765,326.60568971102356,1095550
2021-11-19 13:15:00,328.12385683139286,329.34098739249947,327.9041221166026,329.002795690554,739447
2021-11-19 13:00:00,329.1825786390188,329.2025545221816,327.7543029928819,328.08390506506737,1896544
2021-11-19 12:45:00,329.0926871647864,329.60207218543667,328.3635674293459,329.1426268726933,1656238
2021-11-19 12:30:00,328.25040405122894,329.4023133538091,327.4147129791151,329.0227715737168,1591732
2021-11-19 12:15:00,328.0239774155791,328.6232539104617,326.81543648423246,328.2477073070019,2080938
2021-11-19 12:00:00,326.40503196465374,328.8828405121617,326.06134689483855,328.03396535716047,3100757
2021-11-19 11:45:00,323.6292831197733,327.1250626732552,323.5593675287036,326.40593087939607,2635064
2021-11-19 11:30:00,322.9950488293558,323.7990781266567,322.13109188256675,323.6107055484319,1543666
2021-11-19 11:15:00,324.51820992051586,324.90773964218954,322.74035631903075,322.96508500461175,973113
2021-11-19 11:00:00,325.4071367212584,325.5769317281418,323.7732093579609,324.6081013947482,1424739
2021-11-19 10:45:00,323.7990781266567,326.0563529240478,323.49943987921534,325.3771728965142,1881635
2021-11-19 10:30:00,325.6009027879371,326.60568971102356,323.409548404983,323.7989782472409,2390845
2021-11-19 10:15:00,325.5669437865604,327.45466474544065,324.9377034669336,325.6068955528859,3326574
2021-11-19 10:00:00,321.71159833614894,326.9752435495345,321.5517912708469,325.5070161370721,5061491
2021-11-19 09:45:00,322.04120040833436,322.6105130784728,318.665276153829,321.65666465745136,4148021
2021-11-19 09:30:00,321.9313330509392,323.54937958712225,320.1634673910355,322.2409592399619,188063
2021-11-19 09:15:00,322.2035044590317,322.53060954582185,321.26214096498694,321.8813933430323,87949
2021-11-19 09:00:00,320.8626233017319,322.6105130784728,320.7627438859181,322.111115999404,119220
2021-11-19 08:45:00,319.51425118824596,321.36202038080074,319.51425118824596,321.1123218412663,75801
2021-11-19 08:30:00,319.1167311133072,321.61171892033514,318.76515556964273,319.4643114803391,45611
2021-11-19 08:15:00,320.6711544616169,321.9113571677765,318.9449385181075,319.1247214665723,144862
2021-11-19 08:00:00,320.1634673910355,321.00245448387113,320.15347944945415,320.15347944945415,29411
2021-11-19 07:45:00,321.0623821333594,321.1822374323359,319.7639497277804,319.7639497277804,34007
2021-11-19 07:30:00,320.5330212295465,321.34204449763797,319.9437326762452,321.31208067289384,33082
2021-11-19 07:15:00,322.04120040833436,322.6105130784728,320.1135276831286,320.41316593056996,70151
2021-11-19 07:00:00,320.892587126476,322.5206216042405,320.892587126476,322.5206216042405,6822
2021-11-19 06:45:00,321.61171892033514,321.61171892033514,320.26334680684926,320.9025750680574,8975
2021-11-19 06:30:00,321.61171892033514,322.1510677657295,321.61171892033514,321.83145363512546,5311
2021-11-19 06:15:00,323.10991015754166,323.17982574861134,321.61171892033514,321.68163451140475,13297
2021-11-19 06:00:00,323.20978957335547,323.20978957335547,322.91015132591417,323.10991015754166,2034
2021-11-19 05:45:00,323.409548404983,323.409548404983,322.91015132591417,323.10991015754166,13230
2021-11-19 05:30:00,321.97128481726475,323.9688731335401,321.97128481726475,323.6292831197733,12766
2021-11-19 05:15:00,322.6205010200542,322.94011515065824,321.61171892033514,321.97128481726475,15815
2021-11-19 05:00:00,323.3596086970761,323.71917459400566,323.0000428001465,323.0000428001465,15931
2021-11-19 04:45:00,324.1186922572607,324.1186922572607,323.10991015754166,323.4594881128899,22089
2021-11-19 04:30:00,323.90894548405186,324.92771552535226,323.3596086970761,324.4882460957717,47357
2021-11-19 04:15:00,320.54300917112784,324.1686319651676,320.5230332879651,323.90894548405186,47239
2021-11-18 20:00:00,317.71642170359786,319.36443206452503,317.71642170359786,319.31449235661813,36991
2021-11-18 19:45:00,317.57659052145857,317.8163011194116,317.4866990472262,317.66648199569096,6990
2021-11-18 19:30:00,317.58657846304,317.6564940541096,317.46672316406347,317.46672316406347,20066
2021-11-18 19:15:00,317.4866990472262,317.6065543462027,317.2270125661104,317.5166628719703,9343
2021-11-18 19:00:00,317.36684374824966,317.5166628719703,317.26696433243586,317.5166628719703,16669
2021-11-18 18:45:00,317.36684374824966,317.5166628719703,317.217024624529,317.41678345615657,5857
2021-11-18 18:30:00,317.217024624529,317.5666025798772,317.217024624529,317.41678345615657,7015
2021-11-18 18:15:00,317.44674728090064,317.58657846304,317.15709697504076,317.21712450394483,17186
2021-11-18 18:00:00,317.5166628719703,317.5566146382958,317.31690404034276,317.4067955145752,10835
2021-11-18 17:45:00,317.1171452087152,317.5666025798772,317.1171452087152,317.3868196314124,24762
2021-11-18 17:30:00,316.7377033080387,317.1171452087152,316.368049590112,317.1171452087152,31809
2021-11-18 17:15:00,317.44674728090064,317.5166628719703,316.77755519494843,316.77755519494843,15189
2021-11-18 17:00:00,316.9573381434132,317.58657846304,316.368049590112,317.36684374824966,22206
2021-11-18 16:45:00,315.8486766278804,316.9972899097387,315.7487972120666,316.9972899097387,262542
2021-11-18 16:30:00,316.2181305869755,316.368049590112,315.7088454457411,315.7887489783921,21302
2021-11-18 16:15:00,316.368049590112,316.8175069612739,315.91859221895004,316.2681701742982,329188
2021-11-18 16:00:00,317.49169301801686,317.7963252362489,315.68886956257836,316.368049590112,2845765
2021-11-18 15:45:00,316.7875431365298,318.0058722506261,316.2681701742982,317.4289687448858,1690812
2021-11-18 15:30:00,318.1758670163412,318.31569819848045,316.21833034580715,316.88742255234354,1360712
2021-11-18 15:15:00,316.9377617779137,319.3045044150368,315.94865592311,318.14090922080635,1799091
2021-11-18 15:00:00,317.34457063852324,318.005972130042,316.3654527253008,316.9423562310411,1629496
2021-11-18 14:45:00,314.4004250985807,317.7263097657634,313.2431223075466,317.376831689831,1794416
2021-11-18 14:30:00,315.5348555033935,316.0184716347638,313.531474181001,314.3704612738366,1106584
2021-11-18 14:15:00,314.3904371569993,316.05842340108927,313.02208916035073,315.6189539715087,1345283
2021-11-18 14:00:00,315.3199150005623,315.80782594681256,313.1719082840714,314.4253949525342,1109848
2021-11-18 13:45:00,316.2453976674927,316.49789283066985,314.2306300916973,315.35926749039294,1113911
2021-11-18 13:30:00,317.75637346992335,317.8163011194116,312.83231827030454,316.27316414508886,2458773
2021-11-18 13:15:00,317.2569763908545,318.09216806588927,316.5378445969954,317.75637346992335,1425627
2021-11-18 13:00:00,317.7663614115047,318.4710106900709,316.32809782378644,317.24698844927315,1643372
2021-11-18 12:45:00,321.1472796368008,321.32206861447486,316.33808576536785,317.68645787885373,2548298
2021-11-18 12:30:00,322.62839149390317,323.1271892964771,321.0523941917777,321.1552699900659,1529900
2021-11-18 12:15:00,321.1073278704753,324.15864402358596,321.0523941917777,322.68042866954215,2347979
2021-11-18 12:00:00,323.0050367709369,323.789090185075,320.81268359382466,321.07237007494047,2351558
2021-11-18 11:45:00,320.01964103226334,323.4295242881454,319.58416677931535,323.0050367709369,2799902
2021-11-18 11:30:00,318.0035750240624,320.9225509512198,317.8863165898971,319.96870253019836,1744383
2021-11-18 11:15:00,318.91507457277885,320.423153872151,317.01726579290147,318.00107803866706,2189713
2021-11-18 11:00:00,317.90619259364405,321.12230978284737,317.8662408273185,319.02484205075825,2123776
2021-11-18 10:45:00,317.9461443599695,320.53302122954614,317.03724167606424,317.8212950902023,2911960
2021-11-18 10:30:00,319.39439588926916,320.61292476219717,315.6189539715087,317.9461443599695,4475528
2021-11-18 10:15:00,325.45707642916494,325.77948718341173,317.9626244635788,319.4543235387574,4954391
2021-11-18 10:00:00,323.1298860407041,327.20496620590586,321.4918636213583,325.45208245837426,6594229
2021-11-18 09:45:00,323.2797051644248,325.6768111439552,314.7200392291848,323.1298860407041,14127793
2021-11-18 09:30:00,319.6141306040595,324.6081013947479,319.36443206452503,322.91015132591383,526054
2021-11-18 09:15:00,320.1135276831283,320.21340709894207,318.61533644592174,319.3744200061064,289397
2021-11-18 09:00:00,316.61634981782504,320.51304534638336,316.368049590112,320.1135276831283,452714
2021-11-18 08:45:00,316.49789283066985,317.06720550080837,315.6189539715087,316.4179892980189,156084
2021-11-18 08:30:00,317.31690404034276,319.06479381708374,316.368049590112,316.6177481296464,254397
2021-11-18 08:15:00,318.2114240883709,319.46421160092297,311.6537411637021,317.31690404034276,643768
2021-11-18 08:00:00,317.217024624529,317.2569763908545,315.6189539715087,316.11835105057753,116052
2021-11-18 07:45:00,319.23458882396716,319.41437177243193,317.1171452087152,317.14710903345934,182548
2021-11-18 07:30:00,316.1583028169031,319.46431148033884,316.12833899215894,319.36443206452503,217026
2021-11-18 07:15:00,313.63135359681473,317.1171452087152,311.5238979231442,316.12833899215894,305991
2021-11-18 07:00:00,313.6013897720706,314.26059391644145,313.44158270676854,313.8810521363491,38905
2021-11-18 06:45:00,311.9234155863993,314.010895376907,311.91342764481794,313.6713053631402,32130
2021-11-18 06:30:00,311.18430790937737,311.93340352798066,311.18430790937737,311.93340352798066,5519
2021-11-18 06:15:00,311.81354822900414,312.0432708853758,310.6349711224016,311.4140305657491,8140
2021-11-18 06:00:00,311.11439231830775,312.1231744180268,311.11439231830775,311.9533794111434,11704
2021-11-18 05:45:00,310.5450796481693,310.62498318082027,310.2654172838907,310.62498318082027,7962
2021-11-18 05:30:00,310.62498318082027,310.62498318082027,309.92582727012393,309.97576697803083,14417
2021-11-18 05:15:00,311.60380145579524,311.60380145579524,309.02691252779994,310.71487465505265,25412
2021-11-18 05:00:00,312.02329500221305,312.02329500221305,310.6849108303085,311.3940546825863,14879
2021-11-18 04:45:00,312.6824991465839,312.6824991465839,308.99694870305586,312.2530176585847,40406
2021-11-18 04:30:00,312.62257149709563,313.4216068236058,312.39284884072396,312.6125835555143,43425
2021-11-18 04:15:00,308.68732251403316,314.300545682767,307.728480122221,312.552655906026,80052
2021-11-17 20:00:00,307.1192156857567,307.6286007064069,307.07926391943124,307.37890216687254,132734
2021-11-17 19:45:00,306.5399150740369,307.1292036273381,306.43004771664175,307.1192156857567,61685
2021-11-17 19:30:00,306.33016830082795,306.8795050878037,306.10044564445633,306.6997221393389,52185
2021-11-17 19:15:00,306.57986684036234,306.81957743831543,306.1304094692004,306.29021653450246,39114
2021-11-17 19:00:00,306.72968596408305,306.8295653798968,305.9506265207356,306.60983066510653,53192
2021-11-17 18:45:00,306.8295653798968,307.10922774417537,306.62980654826924,306.7796256719899,49060
2021-11-17 18:30:00,306.0904577028749,307.32896245896563,305.63101239013156,307.0193362699429,70618
2021-11-17 18:15:00,308.2079013181268,308.2278772012896,292.257158612668,306.1304094692004,157401
2021-11-17 18:00:00,305.5311329743178,308.3776963250102,304.9618203041793,307.6286007064069,249254
2021-11-17 17:45:00,304.09286938659955,306.3501441839907,292.257158612668,305.63101239013156,238734
2021-11-17 17:30:00,307.8782992459414,307.8782992459414,303.14401493636876,304.0429296786927,551464
2021-11-17 17:15:00,304.47241116669187,308.80717781300945,304.0329417371113,307.88828718752274,711267
2021-11-17 17:00:00,299.63824744130545,305.1316153110627,299.63824744130545,304.47241116669187,725693
2021-11-17 16:45:00,302.39491931776547,302.6346299157185,298.1600320872617,299.63824744130545,760811
2021-11-17 16:30:00,292.64668833434166,303.5135687748797,292.3471499663162,302.47482285041644,1485446
2021-11-17 16:15:00,292.257158612668,294.04490027631863,291.647894176204,292.64668833434166,324024
2021-11-17 16:00:00,289.0309536024675,293.7253860251304,288.869248828265,292.2172068463425,3838256
2021-11-17 15:45:00,290.8688347328566,292.11732743052875,287.65271754365324,289.01107759872053,2825104
2021-11-17 15:30:00,293.2309829168522,293.34584424503805,290.6491000180663,290.8688347328566,1709360
2021-11-17 15:15:00,294.00504838940896,294.00504838940896,291.8975927157384,293.20601306289876,1226371
2021-11-17 15:00:00,294.2347710457806,294.49445752689644,293.6109242146078,293.9860713004043,795248
2021-11-17 14:45:00,295.702998458243,296.24234730363736,294.13499150938264,294.29469869526883,815943
2021-11-17 14:30:00,295.1144090608525,295.78240259381494,294.53540808738006,295.6930105166616,584730
2021-11-17 14:15:00,296.4121423105207,296.5120217263345,294.7244798215155,295.1037219633604,849208
2021-11-17 14:00:00,295.4433119771272,296.5120217263345,295.30348079498793,296.4580868417951,931677
2021-11-17 13:45:00,294.18922603216953,295.7529381661499,293.54560307666554,295.41334815238304,939810
2021-11-17 13:30:00,293.410765865317,294.60432488429154,292.74656775015546,294.2747228121061,730319
2021-11-17 13:15:00,292.49686921062107,293.8951810320138,291.9476323030611,293.34724255685944,999255
2021-11-17 13:00:00,294.5044454684778,294.5044454684778,291.9575203652267,292.4619114150862,1155349
2021-11-17 12:45:00,293.555591018247,295.0437943138721,292.6317064219696,294.54939120559396,1172589
2021-11-17 12:30:00,297.36958639051153,297.4648713531979,292.39698979480727,293.44572366085185,2455402
2021-11-17 12:15:00,299.8330123021423,299.98772551723783,297.001430863822,297.4125345393114,874358
2021-11-17 12:00:00,300.62545558720876,300.84259343718793,299.1188744790739,299.8330123021423,828343
2021-11-17 11:45:00,300.1875842282812,300.73262620037696,299.33860919386416,300.57851226177627,760353
2021-11-17 11:30:00,299.20866607389047,300.3274154104205,298.459670334703,300.2325299653974,977720
2021-11-17 11:15:00,298.06514664223863,299.4984162591662,297.96027325563415,299.1388503622366,1015786
2021-11-17 11:00:00,297.3010691112633,298.090116496192,296.79168409061305,298.090116496192,865097
2021-11-17 10:45:00,296.02261258884704,298.36708211624364,295.94270905619607,297.25442542407825,1087720
2021-11-17 10:30:00,297.480852059728,297.62068324186737,295.7129863998244,295.94270905619607,1174297
2021-11-17 10:15:00,297.3709847023329,298.090116496192,296.24234730363736,297.50682070783967,1341115
2021-11-17 10:00:00,297.6506470666115,298.539573867354,296.14246788782356,297.3909605854957,2158853
2021-11-17 09:45:00,303.813207022321,304.72210970622626,297.6406591250301,297.6506470666115,2982003
2021-11-17 09:30:00,303.5135687748797,305.1316153110627,303.3337858264149,303.6334240738562,92984
2021-11-17 09:15:00,303.62343613227483,303.62343613227483,303.0341475789736,303.51826310742297,23168
2021-11-17 09:00:00,303.88312261339064,304.11224599326744,303.44365318381006,303.53354465804244,32600
2021-11-17 08:45:00,302.98420787106676,304.0129658539485,302.98420787106676,304.0129658539485,33049
2021-11-17 08:30:00,302.5219659346806,303.389518540439,302.3349916682772,302.98420787106676,25201
2021-11-17 08:15:00,304.4323595209505,304.6022544072498,302.34497960985857,302.53475049990476,96466
2021-11-17 08:00:00,304.2227126271574,304.4823991082733,303.73330348967,303.73330348967,18314
2021-11-17 07:45:00,304.4324594003664,304.6322182319939,304.1727729192506,304.1727729192506,27016
2021-11-17 07:30:00,303.813207022321,304.4324594003664,303.73330348967,304.3325799845526,28928
2021-11-17 07:15:00,303.1040631700433,304.13282115292503,303.1040631700433,303.813207022321,37036
2021-11-17 07:00:00,303.2638702353453,303.2638702353453,302.74449727311367,302.83438874734605,2981
2021-11-17 06:45:00,303.62343613227483,303.79323113915825,303.5035808332983,303.6334240738562,5130
2021-11-17 06:30:00,303.1739787611129,303.4336652422287,303.1739787611129,303.4336652422287,2106
2021-11-17 06:15:00,302.83438874734605,302.83438874734605,302.7345093315323,302.7345093315323,841
2021-11-17 06:00:00,302.93426816315986,303.124039053206,302.66459374046264,303.124039053206,3274
2021-11-17 05:45:00,302.18517254455656,302.62464197413715,302.18517254455656,302.62464197413715,1565
2021-11-17 05:30:00,302.50478667516063,302.50478667516063,302.3349916682772,302.3349916682772,1583
2021-11-17 05:15:00,302.6446178572999,302.7345093315323,302.3349916682772,302.3349916682772,4026
2021-11-17 05:00:00,302.18517254455656,302.6346299157185,302.18517254455656,302.6346299157185,2667
2021-11-17 04:45:00,302.2650760772076,302.39491931776547,301.7556910565574,301.905510180278,6652
2021-11-17 04:30:00,303.52355671646103,303.75327937283276,302.7744610978578,302.7744610978578,7348
2021-11-17 04:15:00,303.4336652422287,304.30261615980845,303.23390641060115,303.23390641060115,16897
2021-11-16 20:00:00,303.08408728688056,303.13402699478746,303.00418375422953,303.13402699478746,17830
2021-11-16 19:45:00,303.05412346213643,303.28384611850805,302.9842078710668,303.13402699478746,88811
2021-11-16 19:30:00,303.33378582641495,303.3737375927405,303.0342474583895,303.0342474583895,11812
2021-11-16 19:15:00,303.13402699478746,303.4236773006474,303.04423539997083,303.40370141748457,5602
2021-11-16 19:00:00,303.2039425858571,303.28384611850805,302.964231987904,303.16399081953153,11944
2021-11-16 18:45:00,303.03414757897366,303.28384611850805,303.03414757897366,303.28384611850805,11545
2021-11-16 18:30:00,303.2239184690198,303.2239184690198,302.9842078710668,303.12403905320605,9830
2021-11-16 18:15:00,303.05412346213643,303.3237978848336,302.964231987904,303.13402699478746,27403
2021-11-16 18:00:00,302.61465403255585,303.38372553432185,302.52476255832346,303.13402699478746,34966
2021-11-16 17:45:00,302.2351122524635,302.61465403255585,302.2351122524635,302.61465403255585,9916
2021-11-16 17:30:00,302.035353420836,302.1851725445566,301.79564282288294,302.035353420836,4407
2021-11-16 17:15:00,302.4248831425097,302.4248831425097,302.035353420836,302.1352328366498,8968
2021-11-16 17:00:00,302.3449796098586,302.6346299157186,302.2351122524635,302.33499166827727,12213
2021-11-16 16:45:00,301.9454619466036,302.484810791998,301.665799582325,302.4847109125821,39955
2021-11-16 16:30:00,301.8955222386967,302.0253654792546,301.6058719328368,302.0253654792546,16977
2021-11-16 16:15:00,301.665799582325,302.1352328366498,301.4860166338603,301.8855342971153,360115
2021-11-16 16:00:00,300.6020838039084,302.2950399019518,300.3573792351647,301.5009985462323,1763052
2021-11-16 15:45:00,299.8779580392586,301.09149294139587,299.80974039825776,300.60717765411493,755199
2021-11-16 15:30:00,299.9278977471655,300.32741541042054,299.53836802549176,299.88794598083996,563265
2021-11-16 15:15:00,300.6170657162805,300.81672466849216,299.6482353828869,299.9528676011189,423264
2021-11-16 15:00:00,300.71574657910446,301.1164627953493,300.3174274688392,300.5970898331177,482034
2021-11-16 14:45:00,301.31622162697687,301.31622162697687,300.2989497769136,300.736921015257,660392
2021-11-16 14:30:00,300.0577409877234,301.5558323455141,299.8591807090856,301.2263301527444,962428
2021-11-16 14:15:00,299.1088865374926,300.1376445203744,298.9590674137719,300.047753046142,664343
2021-11-16 14:00:00,299.10389256670186,299.2986574275387,298.4496823931217,299.1438443330274,997782
2021-11-16 13:45:00,297.9902370803784,299.1288624206553,297.72056265768117,299.1288624206553,576089
2021-11-16 13:30:00,298.1999838535873,298.9285043125329,297.8105540113294,297.99523105116907,670823
2021-11-16 13:15:00,298.7443266697723,299.19398379976593,298.16013196667757,298.248924767336,524604
2021-11-16 13:00:00,298.38975474363343,299.438488609678,298.2349416491221,298.7443266697723,633163
2021-11-16 12:45:00,299.4884283175849,299.67819920763105,297.74053854084394,298.43020590703804,781264
2021-11-16 12:30:00,300.4772345341412,300.5270743626323,299.1388503622367,299.518392142329,750287
2021-11-16 12:15:00,302.0863918023168,302.1352328366498,300.29485472086526,300.4822285049319,705384
2021-11-16 12:00:00,301.9654378297663,302.5347504999048,301.44606486753474,302.115256953487,642668
2021-11-16 11:45:00,302.6246419741372,302.9342681631599,302.0153775376732,302.0153775376732,647031
2021-11-16 11:30:00,302.62783811544324,303.5335446580425,302.31501578511455,302.6046660909745,1150736
2021-11-16 11:15:00,301.49600457544165,303.1839667026943,301.4771273658528,302.6645937404627,1341204
2021-11-16 11:00:00,299.1138805082833,302.035353420836,299.1138805082833,301.4760286922789,1399697
2021-11-16 10:45:00,298.63445931237715,299.93788568874686,298.38985462304925,299.1088865374926,629544
2021-11-16 10:30:00,299.15882624539944,300.4372827678157,298.33981503572653,298.59950151684234,1036119
2021-11-16 10:15:00,298.38975474363343,299.77318453207,298.1899959120059,299.0589468295857,1050364
2021-11-16 10:00:00,300.79005686446993,300.79005686446993,297.16123792912407,298.38975474363343,1497416
2021-11-16 09:45:00,297.2311535201937,301.91989281615525,296.70049418397514,300.63704159944325,2650402
2021-11-16 09:30:00,295.543191392941,297.3310329360075,295.543191392941,297.1712258707054,40484
2021-11-16 09:15:00,297.16123792912407,297.16123792912407,295.4433119771273,295.7229743414058,42006
2021-11-16 09:00:00,297.1912017538682,297.64065912503014,296.64186496689246,297.44090029340265,29210
2021-11-16 08:45:00,297.8903576645646,298.3498029773079,296.64186496689246,297.44090029340265,49248
2021-11-16 08:30:00,297.2411414617751,298.0801285546107,297.1512499875427,297.9402973724715,16186
2021-11-16 08:15:00,297.53079176763504,300.63704159944325,295.7429502245686,297.4111362274901,79265
2021-11-16 08:00:00,296.76172026586903,296.76172026586903,296.06256435517264,296.29228701154426,21086
2021-11-16 07:45:00,296.7517323242876,297.2411414617751,296.69180467479936,296.74174438270626,8661
2021-11-16 07:30:00,297.22116557861233,297.22116557861233,296.74174438270626,297.04138263014755,13148
2021-11-16 07:15:00,297.85040589823905,298.40973062679615,297.48085205972814,297.5407797092164,15269
2021-11-16 07:00:00,297.51081588447227,297.8004661903322,297.49084000130955,297.8004661903322,3040
2021-11-16 06:45:00,297.64065912503014,298.0102129635411,297.44090029340265,297.44090029340265,5634
2021-11-16 06:30:00,296.7916840906131,297.6306711834488,296.7916840906131,297.5407797092164,2977
2021-11-16 06:15:00,296.5619614342415,297.0114188054034,296.5619614342415,296.7916840906131,3318
2021-11-16 06:00:00,296.04258847200987,296.39216642735806,296.04258847200987,296.39216642735806,1750
2021-11-16 05:45:00,295.93272111461476,296.3022749531257,295.64307080875477,295.6530587503362,3670
2021-11-16 05:30:00,296.4321181936836,296.4321181936836,295.4433119771273,295.64307080875477,16532
2021-11-16 05:15:00,297.2411414617751,297.4009485270771,296.74174438270626,296.74174438270626,4578
2021-11-16 05:00:00,296.95149115591516,297.4209244102399,296.76172026586903,297.4209244102399,3177
2021-11-16 04:45:00,297.1013102796358,297.61069530028607,296.6718287916366,296.6718287916366,5647
2021-11-16 04:30:00,298.48963415944723,298.4996221010286,296.32225083628845,297.4209244102399,8008
2021-11-16 04:15:00,299.3386091938642,299.518392142329,298.2698994446569,298.429706509959,8970
2021-11-15 20:00:00,297.7505264824254,298.21995973675007,297.740538540844,297.94029737247155,15317
2021-11-15 19:45:00,297.89035766456465,297.94029737247155,297.64065912503025,297.8902577851489,15660
2021-11-15 19:30:00,297.740538540844,298.1400562040991,297.50082794289096,298.0401767882853,11425
2021-11-15 19:15:00,298.03018884670394,298.3398150357266,297.7605144240068,297.7605144240068,14330
2021-11-15 19:00:00,298.91911564744646,298.93909153060923,297.740538540844,297.740538540844,12342
2021-11-15 18:45:00,299.3885489017712,299.3885489017712,298.79926034847,298.79926034847,14285
2021-11-15 18:30:00,299.6781992076311,299.6781992076311,299.09889859591124,299.3885489017712,7979
2021-11-15 18:15:00,299.488428317585,300.28746364409506,299.488428317585,299.7980545066077,15655
2021-11-15 18:00:00,299.3885489017712,299.488428317585,299.34859713544563,299.488428317585,3298
2021-11-15 17:45:00,299.34859713544563,299.47844037600356,299.34859713544563,299.47844037600356,4663
2021-11-15 17:30:00,299.3885489017712,299.52838008391046,299.3386091938643,299.5183921423291,3383
2021-11-15 17:15:00,299.488428317585,299.488428317585,299.3885489017712,299.40852478493395,4981
2021-11-15 17:00:00,299.6381475618898,299.6382474413056,299.3785609601898,299.488428317585,4046
2021-11-15 16:45:00,299.538268146076,299.9378856887469,299.4384886096781,299.5982956749801,15346
2021-11-15 16:30:00,299.8380062729331,299.88794598084,299.4384886096781,299.49841625916633,18889
2021-11-15 16:15:00,299.88794598084,300.10768069563034,299.3386091938643,299.82801833135176,640210
2021-11-15 16:00:00,299.7481147987008,300.08770481246756,298.85918799795826,299.87795803925866,1545603
2021-11-15 15:45:00,299.4734464052129,299.9778374550724,298.70936887423755,299.7730846526542,935242
2021-11-15 15:30:00,298.93409755981855,299.9878253966538,298.80924829005136,299.4834343467943,899967
2021-11-15 15:15:00,298.85918799795826,299.4684524344222,298.4396944515404,298.9091277058651,780081
2021-11-15 15:00:00,299.10888653749265,299.4989156562454,298.29986326940116,298.879163881121,1031745
2021-11-15 14:45:00,296.64186496689257,299.26869360279466,296.2523352452189,299.11388050828333,1359546
2021-11-15 14:30:00,296.5719493758229,296.98145498065935,295.6430708087549,296.64186496689257,774655
2021-11-15 14:15:00,295.80287787405695,297.09601667059775,295.6230949255921,296.5369915802881,880331
2021-11-15 14:00:00,296.3721905441954,297.3709847023331,295.4532999187087,295.80287787405695,1044919
2021-11-15 13:45:00,296.2723111283816,296.7417443827063,295.5831431592666,296.3771845149861,864082
2021-11-15 13:30:00,296.1474618586144,297.3210449944262,296.0925281799168,296.3022749531258,1055482
2021-11-15 13:15:00,294.9239390148957,297.02140674698484,294.5443972348034,296.1424678878237,1463893
2021-11-15 13:00:00,295.60311904242934,296.0625643551727,294.6442766506172,294.9529040454818,1267337
2021-11-15 12:45:00,293.83525338252565,295.91214595495717,293.7054101419678,295.57804930906013,1301008
2021-11-15 12:30:00,293.95510868150217,294.51443341005927,292.11732743052886,293.8502352948977,1844044
2021-11-15 12:15:00,295.68801654587105,296.3022749531258,293.34584424503817,293.9501147107115,1764297
2021-11-15 12:00:00,295.18362549601153,296.3921664273581,294.8440354822447,295.70889134377614,1734893
2021-11-15 11:45:00,298.3258319175127,299.4384886096781,295.04389419328805,295.21358932075566,1490794
2021-11-15 11:30:00,298.7393326989817,298.94957886926966,297.9203214893088,298.3348210649359,777582
2021-11-15 11:15:00,298.6794050494934,299.39853684335253,298.6094894584238,298.6993809326562,839253
2021-11-15 11:00:00,298.6294653415865,299.65822332446834,298.27988738623833,298.6494412247493,1185710
2021-11-15 10:45:00,298.3801663197154,299.37286783348844,297.66073488760884,298.577727804195,1464876
2021-11-15 10:30:00,300.2525058485603,300.60697789528336,298.19998385358736,298.37976680205213,1827441
2021-11-15 10:15:00,300.6370415994433,301.99540165451054,299.61827155814285,300.2525058485603,1647441
2021-11-15 10:00:00,300.948265859119,302.45484696725384,299.49841625916633,300.5037025793319,2234596
2021-11-15 09:45:00,305.1515911942256,306.0704818197123,299.6382474413056,301.02477349163235,3808256
2021-11-15 09:30:00,305.9805903454799,306.4200597750605,304.63221823199405,305.081675603156,83474
2021-11-15 09:15:00,305.4811932664111,306.56987889878116,305.2714464932021,306.05050593654954,103924
2021-11-15 09:00:00,305.63101239013173,306.00056622864264,305.2814344347835,305.4811932664111,43369
2021-11-15 08:45:00,305.3813138505973,305.8807109296661,305.2015309021325,305.63101239013173,43242
2021-11-15 08:30:00,305.3014103179463,305.87072298808476,304.9418444210167,305.2314947268767,42353
2021-11-15 08:15:00,303.9630261460418,305.3813138505973,301.13643867851215,305.3513500258532,81659
2021-11-15 08:00:00,303.35376170957784,304.4324594003665,303.0341475789737,303.9630261460418,40095
2021-11-15 07:45:00,302.93426816315997,303.53354465804256,302.93426816315997,303.41368935906604,9973
2021-11-15 07:30:00,302.3349916682773,303.1340269947875,302.3349916682773,302.93426816315997,18573
2021-11-15 07:15:00,305.31139825952766,305.4612173832483,301.4161010427907,302.32500372669597,78294
2021-11-15 07:00:00,305.52114503273657,305.57108474064347,305.2314947268767,305.2814344347835,6794
2021-11-15 06:45:00,304.73209764780785,305.5311329743179,304.63221823199405,305.31139825952766,10521
2021-11-15 06:30:00,305.1316153110629,305.8307712217592,304.8619408883657,304.8619408883657,7730
2021-11-15 06:15:00,304.53233881618024,306.01055417022405,304.44244734194785,305.0317358952491,17081
2021-11-15 06:00:00,304.0329417371114,304.27265233506444,303.86314673022804,304.27265233506444,3742
2021-11-15 05:45:00,304.1328211529252,304.29262821822726,303.39371347590327,304.2027367439948,15829
2021-11-15 05:30:00,304.0828814450183,304.4324594003665,304.0828814450183,304.1827608608321,11088
2021-11-15 05:15:00,303.2339064106013,303.84317084706527,303.173978761113,303.623436132275,6912
2021-11-15 05:00:00,302.4348710840911,303.4336652422288,302.3349916682773,303.1340269947875,10342
2021-11-15 04:45:00,302.11525695348706,302.2950399019519,302.11525695348706,302.2950399019519,6426
2021-11-15 04:30:00,302.1452207782312,302.34497960985874,302.03535342083603,302.06531724558016,14172
2021-11-15 04:15:00,302.5347504999049,303.5235567164612,301.64582369916235,302.564714324649,7337
2021-11-12 20:00:00,300.9167039637223,301.1364386785126,300.68698130735066,300.8767521973968,26976
2021-11-12 19:45:00,301.12645073693125,301.1364386785126,300.88674013897815,301.0365592626988,11314
2021-11-12 19:30:00,300.86676425581544,301.12645073693125,300.8368004310713,301.0165833795361,4973
2021-11-12 19:15:00,300.8368004310713,301.2063542695822,300.8368004310713,300.84678837265267,4051
2021-11-12 19:00:00,301.40611310120977,301.4860166338608,300.63704159944376,300.8368004310713,10150
2021-11-12 18:45:00,301.6058719328373,301.6058719328373,300.86676425581544,301.27626986065184,18571
2021-11-12 18:30:00,301.4860166338608,301.88553429711584,301.4460648675353,301.63583575758145,7953
2021-11-12 18:15:00,302.4348710840916,302.4348710840916,301.53595634176764,301.63583575758145,8514
2021-11-12 18:00:00,302.10526901190616,302.10526901190616,301.63583575758145,301.63583575758145,11581
2021-11-12 17:45:00,302.91429227999765,303.533544658043,300.81682454790854,302.10526901190616,30078
2021-11-12 17:30:00,303.0840872868811,303.134026994788,302.9342681631604,303.03414757897417,2326
2021-11-12 17:15:00,302.99419581264874,303.0840872868811,302.85436463050945,303.0241596373928,4303
2021-11-12 17:00:00,302.8843284552536,303.533544658043,302.73450933153293,302.9043043384163,6056
2021-11-12 16:45:00,303.3537617095783,303.3537617095783,302.7744610978584,302.8343887473467,19482
2021-11-12 16:30:00,303.40370141748514,303.4436531838107,303.2339064106018,303.36374965115965,481453
2021-11-12 16:15:00,303.533544658043,303.7333034896706,302.7498907615682,303.50358083329894,643452
2021-11-12 16:00:00,303.57339654495274,303.6833637817637,303.1639908195321,303.51536660436494,1623459
2021-11-12 15:45:00,304.08288144501876,304.44244734194837,303.10406317004384,303.533544658043,1086719
2021-11-12 15:30:00,303.76826128520537,304.11284526976294,303.2039425858576,304.04292967869327,811642
2021-11-12 15:15:00,303.31380994325275,303.983002029205,303.10406317004384,303.7732552559961,699924
2021-11-12 15:00:00,303.4286712714386,304.3825196924601,303.10406317004384,303.27385817692726,898251
2021-11-12 14:45:00,303.52355671646166,303.80321908074023,302.7844490394398,303.4136893590665,713240
2021-11-12 14:30:00,302.6945575652074,303.66338789860094,302.65560459304004,303.47361700855475,622018
2021-11-12 14:15:00,303.0441355205556,303.36364977174384,302.2750640187896,302.6757802350344,560706
2021-11-12 14:00:00,303.7769507943812,303.87313467180985,302.8145127435997,303.0355458907956,622923
2021-11-12 13:45:00,303.66338789860094,304.4169780909158,303.5435325996244,303.8117088310844,755787
2021-11-12 13:30:00,302.7744610978584,303.97291420820784,302.65460579888185,303.65339995701953,892347
2021-11-12 13:15:00,302.91429227999765,303.34287485325456,301.84568241020617,302.7419004083031,906347
2021-11-12 13:00:00,302.2251243108827,302.9842078710673,301.675787523907,302.92927419236975,1100026
2021-11-12 12:45:00,303.562509688629,304.6322182319945,302.10526901190616,302.21513636930126,1972865
2021-11-12 12:30:00,304.5423267577621,305.6310123901322,303.4636290669734,303.59027616622524,1320177
2021-11-12 12:15:00,305.7948146320668,306.00056622864315,304.34256792613456,304.52734484539,1338673
2021-11-12 12:00:00,304.7111229704874,306.4300477166424,303.9530382044609,305.8410588015886,1588545
2021-11-12 11:45:00,304.88191677152895,305.5511088574812,304.142809094507,304.71212176464553,1517320
2021-11-12 11:30:00,303.87313467180985,306.00056622864315,303.19395464427623,304.88191677152895,2209969
2021-11-12 11:15:00,301.77067296893,304.5623026409249,301.3961251596284,303.87313467180985,1987445
2021-11-12 11:00:00,300.116669843054,301.9554498881855,299.94787363032873,301.7457031149766,1318851
2021-11-12 10:45:00,299.4085247849344,300.73692101525756,298.7792844653076,300.0497506344588,1786357
2021-11-12 10:30:00,296.85161174010193,299.88794598084047,296.75672629507886,299.4085247849344,2240393
2021-11-12 10:15:00,297.0371876946839,298.10000455835825,296.3122628947076,296.8416237985205,2253966
2021-11-12 10:00:00,299.88794598084047,300.9966074963733,295.94270905619663,297.09631630884564,3343495
2021-11-12 09:45:00,299.7381268571199,301.80563076446487,298.47964621786633,299.8829520100498,3347401
2021-11-12 09:30:00,301.4860166338608,303.533544658043,299.3885489017716,299.64823538288744,160000
2021-11-12 09:15:00,301.33619751014015,303.533544658043,301.1364386785126,301.45605280911667,79968
2021-11-12 09:00:00,300.5271742420486,301.63583575758145,300.297451585677,301.1364386785126,89912
2021-11-12 08:45:00,300.3973310014907,300.56712600837415,299.5283800839109,300.56712600837415,59376
2021-11-12 08:30:00,300.087704812468,300.63704159944376,299.688187149213,300.3973310014907,40314
2021-11-12 08:15:00,301.4860166338608,302.1122605710131,298.7393326989822,299.9378856887474,124555
2021-11-12 08:00:00,300.2375239361887,300.25749981935144,298.9690553553538,299.5383680254923,82251
2021-11-12 07:45:00,301.0365592626988,301.3961251596284,299.8080424481895,300.1376445203749,34480
2021-11-12 07:30:00,301.4360769259539,301.466040750698,299.74811479870124,301.40611310120977,70271
2021-11-12 07:15:00,300.4972104173045,302.0852931287434,300.4772345341417,301.2363180943264,80690
2021-11-12 07:00:00,299.94787363032873,301.0365592626988,298.64944122474975,300.4872224757231,74148
2021-11-12 06:45:00,306.9793845036181,307.13919156892007,298.5395738673546,299.318633310702,66417
2021-11-12 06:30:00,306.9194568541298,306.9793845036181,306.9194568541298,306.9594086204553,2560
2021-11-12 06:15:00,306.81957743831606,306.81957743831606,305.64100033171354,306.62980654826987,5260
2021-11-12 06:00:00,306.86951714622296,307.1491795105015,306.72968596408367,306.9594086204553,2932
2021-11-12 05:45:00,307.2890106926408,307.4687936411055,306.9594086204553,306.9793845036181,2319
2021-11-12 05:30:00,306.8395533214788,306.9294447957112,306.8295653798974,306.9294447957112,2546
2021-11-12 05:15:00,306.499963307712,306.9194568541298,306.499963307712,306.86951714622296,4566
2021-11-12 05:00:00,307.1292036273387,307.1292036273387,306.2702406513403,306.2702406513403,2827
2021-11-12 04:45:00,307.4887695242683,307.62860070640755,307.09923980259464,307.09923980259464,3842
2021-11-12 04:30:00,306.52992713245607,307.6186127648262,306.5199391908747,307.6186127648262,9349
2021-11-12 04:15:00,308.2278772012902,308.90705722882376,306.5199391908747,306.57986684036297,25344
2021-11-11 20:00:00,307.47878158268696,307.7784198301282,307.0293242115249,307.58864894008207,27279
2021-11-11 19:45:00,307.32896245896626,307.57866099850065,307.1491795105015,307.4987574658497,15530
2021-11-11 19:30:00,306.3301683008286,308.1279977854764,306.3301683008286,307.32896245896626,45149
2021-11-11 19:15:00,306.130409469201,306.5499030156189,305.9606144623176,306.3301683008286,13422
2021-11-11 19:00:00,305.23149472687714,306.5698788987816,305.13161531106334,306.3801080087355,22304
2021-11-11 18:45:00,305.5011691495743,305.6310123901322,305.23149472687714,305.281434434784,13450
2021-11-11 18:30:00,303.92307437971675,305.6310123901322,303.92307437971675,305.6310123901322,22262
2021-11-11 18:15:00,303.43366524222927,303.9330623212981,303.43366524222927,303.9330623212981,10958
2021-11-11 18:00:00,303.43366524222927,303.6334240738568,303.4136893590665,303.5934723075313,8879
2021-11-11 17:45:00,303.4935928917176,303.6334240738568,303.40370141748514,303.40370141748514,4496
2021-11-11 17:30:00,303.3837255343224,303.6334240738568,303.3837255343224,303.40370141748514,10934
2021-11-11 17:15:00,303.60346024911274,303.60346024911274,303.134026994788,303.3337858264155,20223
2021-11-11 17:00:00,303.533544658043,303.6134481906941,303.4136893590665,303.4436531838107,7816
2021-11-11 16:45:00,303.47361700855475,303.533544658043,303.3337858264155,303.48360495013617,59900
2021-11-11 16:30:00,303.48360495013617,303.6334240738568,303.3337858264155,303.47361700855475,14019
2021-11-11 16:15:00,303.533544658043,303.6134481906941,303.134026994788,303.48360495013617,1184608
2021-11-11 16:00:00,304.05301749969044,304.6821579399014,303.0041837542301,303.5435325996244,1599586
2021-11-11 15:45:00,302.8843284552536,304.29252833881185,302.2251243108827,304.05301749969044,1064754
2021-11-11 15:30:00,301.91549812185997,303.2537824143487,301.6858753449041,302.8343887473467,993874
2021-11-11 15:15:00,303.1789727319042,303.95293832504507,301.56592016651183,301.9647386738562,881594
2021-11-11 15:00:00,304.8219891220407,304.93175660002,302.94425610474184,303.21393052743895,803574
2021-11-11 14:45:00,305.11323749855364,305.5311329743184,304.1727729192512,304.76216135196825,746583
2021-11-11 14:30:00,304.9917841289241,305.2614585516212,304.2218137124157,305.1117393073164,757554
2021-11-11 14:15:00,304.30091820974025,305.3612380880192,303.903098496554,304.9817961873427,1396185
2021-11-11 14:00:00,302.02037150846445,304.6121424694159,301.98541371292964,304.22271262715805,1352940
2021-11-11 13:45:00,301.6058719328373,302.5647143246495,301.29624574381467,301.9904076837203,875221
2021-11-11 13:30:00,300.99161352558264,301.7388114352854,300.3174274688397,301.66569970290976,620352
2021-11-11 13:15:00,300.74680907742305,301.0864989706057,300.63704159944376,301.0165833795361,520272
2021-11-11 13:00:00,300.0278770423956,301.33619751014015,299.7081630323757,300.7352230651887,745535
2021-11-11 12:45:00,299.28367551516715,300.18259025749114,299.04895888800485,300.06123676727736,678399
2021-11-11 12:30:00,299.50341022995747,299.8080424481895,298.7792844653076,299.28367551516715,605173
2021-11-11 12:15:00,300.3289136016583,300.6868814279348,299.1088865374931,299.51839214232956,946448
2021-11-11 12:00:00,300.33240938121173,300.88674013897815,300.1476324619563,300.3523852643745,457567
2021-11-11 11:45:00,300.5970898331182,300.88674013897815,300.07771687088666,300.33740335200247,593020
2021-11-11 11:30:00,300.38724318049356,301.12645073693125,300.0647325468309,300.64373352030333,636955
2021-11-11 11:15:00,301.3162216269774,301.6557117613284,299.83810615234944,300.35737923516524,1055922
2021-11-11 11:00:00,300.696969248932,302.4747229710013,300.5970898331182,301.27626986065184,1609494
2021-11-11 10:45:00,298.16502605805294,301.20765270198785,297.41103634807484,300.7319270444669,1607508
2021-11-11 10:30:00,300.3313107076378,300.4372827678162,297.7805901865858,298.1730164113181,1285353
2021-11-11 10:15:00,300.56712600837415,301.1863783864195,299.3686728980247,300.27747570251415,1474126
2021-11-11 10:00:00,300.2375239361887,301.8755463555345,298.1999838535878,300.5721199791648,2618688
2021-11-11 09:45:00,304.31260410139043,304.4024955756228,299.8474948174359,300.38234908911863,3986741
2021-11-11 09:30:00,304.23270056873946,304.6322182319945,303.3837255343224,304.1627849776698,110934
2021-11-11 09:15:00,304.3325799845532,304.512362933018,304.13282115292566,304.13282115292566,68939
2021-11-11 09:00:00,304.18276086083256,304.3325799845532,303.3337858264155,304.1927488024139,70496
2021-11-11 08:45:00,303.3837255343224,304.43245940036695,303.0443352793872,304.22271262715805,87856
2021-11-11 08:30:00,302.0852931287434,303.3837255343224,302.0353534208365,303.3837255343224,54350
2021-11-11 08:15:00,301.18647826583526,303.11405111162526,294.96988354617054,302.0353534208365,132348
2021-11-11 08:00:00,301.5259684001863,303.134026994788,301.386137218047,303.11405111162526,51837
2021-11-11 07:45:00,301.0365592626988,301.835594589209,300.68698130735066,301.5259684001863,36994
2021-11-11 07:30:00,300.5271742420486,301.1863783864195,300.46724659256034,301.1863783864195,22425
2021-11-11 07:15:00,301.0365592626988,301.6058719328373,300.4872224757231,300.4872224757231,40780
2021-11-11 07:00:00,301.1164627953499,301.12645073693125,300.8268124894899,300.8268124894899,5280
2021-11-11 06:45:00,301.05653514586163,301.37614927646564,300.8268124894899,301.12645073693125,11524
2021-11-11 06:30:00,300.63704159944376,300.93667984688506,300.63704159944376,300.76688484000164,3115
2021-11-11 06:15:00,300.7069571905134,300.8068366063272,300.63704159944376,300.7568968984203,5884
2021-11-11 06:00:00,300.63704159944376,300.8268124894899,300.63704159944376,300.73692101525756,6169
2021-11-11 05:45:00,300.9966074963733,301.00659543795473,300.3174274688397,300.63704159944376,5175
2021-11-11 05:30:00,301.3162216269774,301.3162216269774,300.9067160221409,300.9067160221409,3411
2021-11-11 05:15:00,301.61585987441873,301.7457031149766,300.6270536578624,300.9167039637223,14019
2021-11-11 05:00:00,301.63583575758145,301.84558253079035,301.386137218047,301.386137218047,6898
2021-11-11 04:45:00,302.26507607720816,302.26507607720816,301.1364386785126,301.17639044483815,8481
2021-11-11 04:30:00,301.3461854517215,302.49479873357984,301.27626986065184,302.1352328366503,16638
2021-11-11 04:15:00,298.99901918009795,302.1352328366503,298.99901918009795,301.02657132111744,27836
2021-11-10 20:00:00,297.5607555923795,298.13006826251797,296.89156350642725,298.13006826251797,22474
2021-11-10 19:45:00,297.6406591250305,297.6406591250305,296.1724317125681,297.1612379291244,23952
2021-11-10 19:30:00,295.2435531455001,297.80046619033254,294.9838666643842,297.62068324186777,38942
2021-11-10 19:15:00,293.9451207399211,295.14367372968627,293.9451207399211,295.14367372968627,26674
2021-11-10 19:00:00,294.0849519220603,294.234771045781,293.7953016162004,294.1448795715486,10645
2021-11-10 18:45:00,293.44572366085225,293.8951810320142,293.2459648292247,293.8951810320142,8040
2021-11-10 18:30:00,293.44572366085225,293.64548249247974,293.2459648292247,293.2459648292247,14125
2021-11-10 18:15:00,293.6354945508984,293.88519309043284,293.44572366085225,293.44572366085225,13623
2021-11-10 18:00:00,293.6554704340611,293.8452413241073,293.64548249247974,293.64548249247974,7825
2021-11-10 17:45:00,293.88519309043284,293.88519309043284,293.64548249247974,293.8452413241073,5357
2021-11-10 17:30:00,294.07496398047897,294.07496398047897,293.8452413241073,293.9451207399211,6455
2021-11-10 17:15:00,293.99506044782794,294.234771045781,293.64548249247974,294.0450001557348,14322
2021-11-10 17:00:00,294.1348916299672,294.5943369427105,293.69542220038664,294.1448795715486,78068
2021-11-10 16:45:00,293.6654583756425,294.234771045781,293.29590453713155,294.2147951626182,47890
2021-11-10 16:30:00,294.1149157468045,294.234771045781,293.64548249247974,293.8452413241073,37749
2021-11-10 16:15:00,294.234771045781,294.234771045781,293.64548249247974,294.18483133787413,1351718
2021-11-10 16:00:00,294.0350122141534,296.0326005304288,293.86521720727006,294.0450001557348,2398175
2021-11-10 15:45:00,295.9526969977778,296.2123834788936,293.5555910182474,294.0150363309907,1578925
2021-11-10 15:30:00,295.0637701970353,296.6217892043142,294.9439148980588,295.9626849393592,1624521
2021-11-10 15:15:00,293.3758080697826,295.89276934828956,292.82147731201616,295.0637701970353,1647811
2021-11-10 15:00:00,291.43814740299547,295.14367372968627,291.3482559287631,293.3856961319481,1830384
2021-11-10 14:45:00,290.81390105415943,292.7834232545911,290.70902766755495,291.4880871109023,1929112
2021-11-10 14:30:00,295.17863152522114,295.28350491182556,290.7689553170432,290.7689553170432,2384773
2021-11-10 14:15:00,295.1037219633608,297.0312948091507,294.15486751312994,295.17863152522114,1902024
2021-11-10 14:00:00,296.8815755648459,297.38097264391473,294.69421635852433,295.20360137917453,1756338
2021-11-10 13:45:00,296.9215273311713,298.1899959120062,296.6418649668928,296.80167203219486,1044567
2021-11-10 13:30:00,296.82164791535763,297.5907194171236,295.8827814067082,296.8715876232645,1622117
2021-11-10 13:15:00,299.92290377637516,300.1875842282816,296.3921664273584,296.88147568543,1736203
2021-11-10 13:00:00,298.75721111441266,300.3772552389119,298.1899959120062,299.94787363032856,1815110
2021-11-10 12:45:00,300.3973310014905,300.63704159944353,298.4596703347034,298.74432666977265,1219725
2021-11-10 12:30:00,299.9578615719099,300.63704159944353,299.33860919386456,300.31523012169157,957679
2021-11-10 12:15:00,300.96664367162896,301.2363180943262,299.0295822813368,299.9928193674448,1312325
2021-11-10 12:00:00,298.63945328316817,301.69576340706953,298.5395738673544,300.97163764241964,1797815
2021-11-10 11:45:00,298.09121516976643,299.6082836165618,298.09121516976643,298.69368780595505,1687369
2021-11-10 11:30:00,301.28126383144235,301.7890507814395,297.9502853140532,298.13805861578305,1954587
2021-11-10 11:15:00,300.5371621836298,302.66459374046303,300.0877048124678,301.2662819190703,1696026
2021-11-10 11:00:00,300.502204388095,303.53354465804284,300.41640796991095,300.4472707093974,1791334
2021-11-10 10:45:00,301.83559458920877,304.10285732818136,300.40731894307186,300.4972104173043,2075246
2021-11-10 10:30:00,304.56230264092466,308.1279977854762,301.06652308744276,301.78565488130187,4593731
2021-11-10 10:15:00,302.1543098050705,305.03173589524937,301.2373168884843,304.5822785240874,3218176
2021-11-10 10:00:00,296.58193731740454,302.60466609097483,296.23235936205634,302.15520871981283,3762843
2021-11-10 09:45:00,293.20601306289916,300.5371621836298,287.4329828288633,296.4321181936839,9139127
2021-11-10 09:30:00,294.2447589873624,295.6430708087551,292.1572791968546,292.82647128280684,177268
2021-11-10 09:15:00,293.29590453713155,294.37460222792026,293.0661818807599,294.25474692894375,91428
2021-11-10 09:00:00,291.6478941762044,294.2847107536879,290.87882267443837,293.1960251213178,178503
2021-11-10 08:45:00,294.7042043001057,294.7042043001057,291.7677494751809,291.7677494751809,188605
2021-11-10 08:30:00,295.94270905619646,295.94270905619646,294.0450001557348,295.04379431387247,79733
2021-11-10 08:15:00,298.15014402509655,299.6282594997245,292.1472912552732,295.92273317303363,310442
2021-11-10 08:00:00,295.65305875033647,295.65305875033647,292.64668833434206,292.7665436333186,69896
2021-11-10 07:45:00,295.4433119771276,295.84282964038266,293.2459648292247,295.6430708087551,107753
2021-11-10 07:30:00,297.87038178140216,297.94029737247183,295.1536616712676,295.5931311008482,102635
2021-11-10 07:15:00,299.33860919386456,299.7680906818638,297.75052648242564,297.9003456061463,57924
2021-11-10 07:00:00,299.9778374550727,300.03776510456095,299.19877801172527,299.33860919386456,19180
2021-11-10 06:45:00,301.37614927646547,301.78565488130187,299.63824744130585,299.63824744130585,12169
2021-11-10 06:30:00,300.9266919053035,302.13523283665006,300.43728276781604,302.0353534208363,14031
2021-11-10 06:15:00,300.64702954102495,301.2363180943262,300.63704159944353,301.0065954379545,8214
2021-11-10 06:00:00,300.33740335200224,300.9766316132104,299.8380062729334,300.9067160221407,10091
2021-11-10 05:45:00,301.4360769259537,301.4360769259537,299.68818714921275,300.3274154104209,18299
2021-11-10 05:30:00,301.67578752390676,301.67578752390676,301.3361975101399,301.48601663386063,3310
2021-11-10 05:15:00,303.034147578974,303.034147578974,302.4348710840914,302.4348710840914,24947
2021-11-10 05:00:00,302.57470226623064,302.86435257209064,301.93547400502257,302.79443698102097,9677
2021-11-10 04:45:00,301.1664025032565,302.7345093315327,300.6270536578622,302.7345093315327,20708
2021-11-10 04:30:00,301.96543782976664,301.96543782976664,300.3773551183278,300.8368004310711,12712
2021-11-10 04:15:00,304.4324594003668,304.4324594003668,302.13523283665006,302.13523283665006,21155
2021-11-09 20:00:00,300.766884840002,301.0365592626991,300.63704159944405,300.73692101525785,28937
2021-11-09 19:45:00,301.8655584139534,301.8655584139534,300.6969692489323,300.7469089568392,14920
2021-11-09 19:30:00,301.4460648675356,301.73571517339553,301.2363180943267,301.73571517339553,16634
2021-11-09 19:15:00,301.33619751014044,301.81561870604656,301.33619751014044,301.4460648675356,10570
2021-11-09 19:00:00,300.8368004310716,301.615859874419,300.73692101525785,301.006595437955,29718
2021-11-09 18:45:00,300.9067160221412,301.1364386785129,300.38734305990965,301.07651102902463,17212
2021-11-09 18:30:00,300.3673671767469,301.2562939774894,299.9678495134918,301.1364386785129,40190
2021-11-09 18:15:00,302.2650760772085,306.200325060271,300.43728276781655,300.43728276781655,51054
2021-11-09 18:00:00,303.83318290548465,303.83318290548465,302.1352328366506,302.384931376185,21503
2021-11-09 17:45:00,303.78324319757775,306.200325060271,303.6334240738571,303.8731346718102,155669
2021-11-09 17:30:00,304.6322182319948,304.6322182319948,303.78324319757775,303.83318290548465,13522
2021-11-09 17:15:00,304.4324594003673,304.6322182319948,304.13282115292594,304.5023749914369,5954
2021-11-09 17:00:00,304.4823991082742,304.5523146993438,304.3325799845535,304.3825196924604,12905
2021-11-09 16:45:00,305.13151543164787,305.13151543164787,304.19274880241426,304.3325799845535,30107
2021-11-09 16:30:00,305.2514706100402,306.200325060271,304.6422061735762,304.7121217646458,33050
2021-11-09 16:15:00,306.200325060271,306.33016830082886,303.62363589110737,305.1316153110636,285401
2021-11-09 16:00:00,306.3401562424102,306.91945685413015,305.8407591633414,306.3401562424102,2231921
2021-11-09 15:45:00,305.12162736948227,307.07926391943215,304.88191677152923,306.3701200671544,1697175
2021-11-09 15:30:00,303.0441355205559,307.0193362699439,303.01417169581174,305.1116394279009,1869121
2021-11-09 15:15:00,304.79202529729685,304.8519529467851,302.775360012601,303.0327492671531,1154718
2021-11-09 15:00:00,304.4274654295766,305.21151884371466,303.6533999570199,304.8519529467851,1082612
2021-11-09 14:45:00,305.1116394279009,305.5922591767968,304.2426885103211,304.4024955756231,1010152
2021-11-09 14:30:00,304.0329417371122,306.2302888850151,303.9430502628798,305.11853110759205,1597668
2021-11-09 14:15:00,301.43607692595424,304.8374704314921,301.04654720428056,303.94914290724444,1861346
2021-11-09 14:00:00,301.42109501358215,302.3549675514409,299.2786815443768,301.4630443682239,2159551
2021-11-09 13:45:00,301.2762698606522,303.2937341806745,301.0665230874433,301.41110707200073,1586294
2021-11-09 13:30:00,303.9680201168332,305.0816756031568,300.87675219739714,301.24630603590805,1609853
2021-11-09 13:15:00,303.4736170085551,305.1316153110636,302.6346299157194,303.8931105549729,1313966
2021-11-09 13:00:00,303.7333034896709,306.03911968314753,303.3337858264158,303.53354465804335,1823467
2021-11-09 12:45:00,305.05031346659126,305.61103650696975,300.6769933657696,303.7898352390215,2702717
2021-11-09 12:30:00,308.5375033903132,309.3457276230782,304.65219411515756,304.9418444210175,1828214
2021-11-09 12:15:00,311.2941752667732,311.3840667410056,307.02932421152525,308.5524853026852,2544148
2021-11-09 12:00:00,314.0508471432332,314.0508471432332,310.8946576035181,311.28918129598253,1198424
2021-11-09 11:45:00,313.04705901430486,315.84867662788105,312.6025956139336,314.18648338990835,1881511
2021-11-09 11:30:00,310.92701853424177,314.919798060813,310.55506758975133,313.04705901430486,2545384
2021-11-09 11:15:00,310.3802786120772,313.12196857616516,310.0257066859383,310.97396185967426,2086807
2021-11-09 11:00:00,312.6025956139336,312.9721494524445,310.13567392274933,310.34661924894795,1670213
2021-11-09 10:45:00,311.81354822900477,312.8722700366307,309.1267919436144,312.61258355551496,2377957
2021-11-09 10:30:00,311.0744405519829,315.0696171845336,310.45518817393753,311.7583149120598,3076431
2021-11-09 10:15:00,308.82715369617307,313.31163958679554,308.6878219111129,311.01551169665277,4341432
2021-11-09 10:00:00,319.56918486694394,322.1610557073112,308.42763603291803,308.8471295793359,6276480
2021-11-09 09:45:00,322.4307301300084,322.71039249428696,316.03844751792724,319.49647265223155,7496237
2021-11-09 09:30:00,324.5546659072882,325.5869196697235,322.24095923996225,322.3807904221015,218648
2021-11-09 09:15:00,322.6704407279615,325.24732965595666,322.6105130784732,324.4982340373534,128044
2021-11-09 09:00:00,325.7067749687001,326.3559911714895,322.6105130784732,322.67143952211956,202989
2021-11-09 08:45:00,323.47946399605297,325.8965458587462,323.2197775149372,325.70687484811583,153810
2021-11-09 08:30:00,322.8449300673881,323.18981369019303,322.1610557073112,323.18981369019303,75275
2021-11-09 08:15:00,326.6094851288249,327.06513502376725,306.8994809709673,322.8102719101007,329421
2021-11-09 08:00:00,324.1186922572611,324.1186922572611,322.3907783636829,322.6504648447987,64651
2021-11-09 07:45:00,324.83782405112026,325.24732965595666,323.8390298929826,324.30846314730724,45455
2021-11-09 07:30:00,324.42831844628375,326.95526766637215,323.8590057761453,324.6081013947486,155488
2021-11-09 07:15:00,321.6117189203355,324.6081013947486,319.79391355252494,324.40834256312104,155411
2021-11-09 07:00:00,322.6904166111242,322.82025985168207,321.3819962639638,321.8614174598699,21710
2021-11-09 06:45:00,322.46069395475257,322.97007897540277,321.6117189203355,322.6105130784732,17633
2021-11-09 06:30:00,320.51304534638405,323.878981659308,320.51304534638405,322.5106336626594,37508
2021-11-09 06:15:00,320.51304534638405,320.51304534638405,319.6141306040601,320.21340709894275,15704
2021-11-09 06:00:00,321.6217068619169,321.6217068619169,320.2433709236869,320.37321416424476,11289
2021-11-09 05:45:00,321.6117189203355,322.50064572107806,320.6129247621978,321.6117189203355,31488
2021-11-09 05:30:00,319.1247214665727,321.6117189203355,318.7751435112245,321.5018515629404,38398
2021-11-09 05:15:00,318.285734373737,319.6141306040601,318.1459031915977,319.1047455834099,20124
2021-11-09 05:00:00,317.7963252362496,318.53543291327145,317.69644582043577,318.12592730843494,21371
2021-11-09 04:45:00,317.1171452087159,317.8163011194123,317.10715726713454,317.5266508135524,14005
2021-11-09 04:30:00,317.1171452087159,317.5066749303896,316.51786871383325,316.51786871383325,20727
2021-11-09 04:15:00,312.7224509129101,318.17586701634184,312.7224509129101,316.87743461076286,51007
2021-11-08 20:00:00,309.4563940157994,310.0656584522634,309.17673165152087,309.8858755037986,24025
2021-11-08 19:45:00,309.62618902268287,309.62618902268287,309.22667135942777,309.61620108110145,13210
2021-11-08 19:30:00,310.57504347291365,310.57504347291365,309.17673165152087,309.41644224947396,25971
2021-11-08 19:15:00,310.505127881844,310.61499523923914,310.1255861017517,310.5151158234254,10046
2021-11-08 19:00:00,310.57504347291365,310.62498318082055,310.4751640570999,310.57504347291365,12020
2021-11-08 18:45:00,310.425224349193,310.585031414495,307.668552472733,310.52510376500675,14572
2021-11-08 18:30:00,310.52510376500675,310.52510376500675,309.78599608798487,310.4751640570999,7400
2021-11-08 18:15:00,309.4364181326367,310.585031414495,309.4364181326367,310.585031414495,30798
2021-11-08 18:00:00,309.4365180120525,309.6062131395201,309.4264301910553,309.4264301910553,11334
2021-11-08 17:45:00,309.29658695049744,309.61620108110145,309.29658695049744,309.41644224947396,11285
2021-11-08 17:30:00,308.98696076147473,309.29658695049744,308.8271536961727,309.29658695049744,14030
2021-11-08 17:15:00,309.7260684384966,309.7260684384966,307.668552472733,309.12679194361397,53391
2021-11-08 17:00:00,309.22667135942777,309.7260684384966,307.668552472733,309.6761287305897,61529
2021-11-08 16:45:00,308.02811836966254,309.62618902268287,307.668552472733,309.2766110673346,36153
2021-11-08 16:30:00,308.437623974499,308.4575998576617,307.668552472733,307.7784198301281,434328
2021-11-08 16:15:00,307.668552472733,308.42763603291763,307.4887695242682,308.42763603291763,992500
2021-11-08 16:00:00,306.5848608111536,308.05808219440667,305.2914223763653,307.668552472733,2185686
2021-11-08 15:45:00,307.1020364262373,307.458805699524,306.4400356582236,306.6198186066884,885752
2021-11-08 15:30:00,307.16915539366414,307.7584439469654,306.7796256719904,307.0493000946876,750441
2021-11-08 15:15:00,308.03810631124395,308.14787378922324,306.2003250602706,307.1941252476176,944133
2021-11-08 15:00:00,308.1779374933832,308.59743103980105,307.4388298163613,308.04310028203463,798039
2021-11-08 14:45:00,307.2290830431524,308.32775661710383,307.2290830431524,308.1279977854763,757165
2021-11-08 14:30:00,308.85711752091686,308.87699352466376,307.1791433352455,307.1941252476176,834838
2021-11-08 14:15:00,308.57246118584754,308.85711752091686,308.03810631124395,308.83714163775403,678391
2021-11-08 14:00:00,308.26772908819976,309.9252279936293,307.86831130436053,308.5275154487314,1377527
2021-11-08 13:45:00,308.31786855493823,309.0768522357071,307.23907098473376,308.21788925970867,1058956
2021-11-08 13:30:00,308.212895288918,310.1255861017517,306.9594086204552,308.3313522760731,1099823
2021-11-08 13:15:00,307.59364291087263,308.57735527722247,307.37890216687305,308.1879254349646,1053202
2021-11-08 13:00:00,307.0892518610131,307.86831130436053,305.90068681282924,307.5287212905937,1313614
2021-11-08 12:45:00,305.3263801719001,307.16416142287346,304.61224234883167,307.07926391943175,1327403
2021-11-08 12:30:00,305.3213862011094,306.8394534420629,304.012965853949,305.34585665798375,1326522
2021-11-08 12:15:00,307.4637996703147,308.386685472434,305.3213862011094,305.4312535585046,1287206
2021-11-08 12:00:00,309.54638536944765,309.62249348429776,306.0506058159657,307.4887695242682,1574246
2021-11-08 11:45:00,308.30768085452524,310.62498318082055,308.19791337654596,309.6360770848484,2419431
2021-11-08 11:30:00,306.2702406513402,309.8858755037986,305.23149472687703,308.2777170297812,2778077
2021-11-08 11:15:00,306.8844990585949,307.95820277859286,305.13161531106323,306.4099719540637,2559187
2021-11-08 11:00:00,305.02174795366807,307.6085249438289,304.9118805962729,306.8495412630601,2499136
2021-11-08 10:45:00,304.7149183882882,306.16037329394504,303.3337858264154,305.0715877821592,2671666
2021-11-08 10:30:00,302.5846902078121,305.63101239013207,302.57769864870517,304.8020132388778,2262880
2021-11-08 10:15:00,301.54604416276476,304.8020132388778,299.6482353828873,302.5846902078121,2706954
2021-11-08 10:00:00,303.00418375423,306.370120067154,298.7093688742379,301.58589604967443,3684169
2021-11-08 09:45:00,301.12645073693113,308.6038233224131,301.09149294139627,303.1040631700438,5505632
2021-11-08 09:30:00,302.3349916682777,302.4848107919984,300.63704159944365,300.9266919053036,99408
2021-11-08 09:15:00,301.0365592626987,302.36495549302185,300.9566557300477,302.3349916682777,46985
2021-11-08 09:00:00,301.75569105655785,302.4448590256729,301.0365592626987,301.0365592626987,65049
2021-11-08 08:45:00,303.13402699478786,303.1440149363692,301.8355945892089,301.8355945892089,52629
2021-11-08 08:30:00,300.42729482623474,303.6334240738567,300.16760834511894,303.3337858264154,105744
2021-11-08 08:15:00,302.94115984285145,304.13282115292554,296.4191338696282,300.2375239361886,147739
2021-11-08 08:00:00,302.1851725445571,302.4148952009287,301.3561733933028,301.63583575758133,31219
2021-11-08 07:45:00,302.4448590256729,302.634629915719,302.1352328366502,302.1352328366502,31621
2021-11-08 07:30:00,302.4348710840915,303.03414757897406,301.75569105655785,302.4448590256729,45692
2021-11-08 07:15:00,304.4823991082738,304.49238704985515,302.5347504999052,302.62464197413766,66799
2021-11-08 07:00:00,304.41248351720407,304.56230264092477,304.34256792613445,304.56230264092477,2802
2021-11-08 06:45:00,304.61224234883167,304.6322182319944,304.4024955756227,304.4024955756227,4125
2021-11-08 06:30:00,304.35255586771586,304.4324594003669,304.2127246855766,304.4324594003669,3881
2021-11-08 06:15:00,304.05291762027457,304.6322182319944,303.4336652422292,304.53233881618064,7322
2021-11-08 06:00:00,304.2926282182276,304.38251969246,303.9130864381352,303.9730140876235,8034
2021-11-08 05:45:00,304.4324594003669,304.4324594003669,304.13282115292554,304.4324594003669,3752
2021-11-08 05:30:00,304.1627849776697,304.53233881618064,304.05291762027457,304.5023749914365,9114
2021-11-08 05:15:00,304.1428090945069,304.1428090945069,303.15400287795063,303.64341201543806,3701
2021-11-08 05:00:00,304.53233881618064,304.53233881618064,303.3837255343223,304.23270056873935,20709
2021-11-08 04:45:00,305.58107268222517,305.58107268222517,304.3325799845531,304.53233881618064,13524
2021-11-08 04:30:00,306.1903371186892,306.1903371186892,303.49359289171747,305.4312535585046,20667
2021-11-08 04:15:00,300.7469089568388,306.17036123552646,300.6969692489319,306.17036123552646,47951
2021-11-05 20:00:00,298.4396944515403,298.7393326989816,298.4396944515403,298.6394532831678,4632
2021-11-05 19:45:00,298.67940504949337,298.8891518227022,298.3897547436334,298.3897547436334,8536
2021-11-05 19:30:00,298.6394532831678,298.8192362316326,298.3897547436334,298.8192362316326,7271
2021-11-05 19:15:00,298.47964621786576,298.8192362316326,298.40973062679615,298.7393326989816,5759
2021-11-05 19:00:00,298.4896341594472,298.4896341594472,298.3997426852148,298.4896341594472,5519
2021-11-05 18:45:00,298.62946534158647,298.62946534158647,298.44968239312163,298.47964621786576,8056
2021-11-05 18:30:00,298.57942575426375,298.6394532831678,298.4396944515403,298.6394532831678,8024
2021-11-05 18:15:00,298.33981503572653,298.6094894584237,298.33981503572653,298.5895135752609,7182
2021-11-05 18:00:00,298.3597909188893,298.6194774000051,298.29986326940104,298.4896341594472,4629
2021-11-05 17:45:00,298.33981503572653,298.6194774000051,298.0901164961921,298.3897547436334,8322
2021-11-05 17:30:00,298.26989944465686,298.40973062679615,298.0401767882852,298.40973062679615,15864
2021-11-05 17:15:00,298.8891518227022,298.8891518227022,298.2399356199128,298.26989944465686,14250
2021-11-05 17:00:00,297.92032148930866,298.989031238516,297.92032148930866,298.8891518227022,27402
2021-11-05 16:45:00,297.4708641181467,297.99023708037834,297.3909605854957,297.9103335477273,43486
2021-11-05 16:30:00,297.161237929124,297.43091235182123,297.13127410437994,297.43091235182123,30348
2021-11-05 16:15:00,297.161237929124,297.8404179566577,297.08133439647304,297.2411414617751,670747
2021-11-05 16:00:00,298.19998385358724,298.7293447574002,293.7453619082932,297.29108116968195,4954782
2021-11-05 15:45:00,299.6382474413055,299.78806656502616,297.92032148930866,298.22994767833137,2060529
2021-11-05 15:30:00,300.54215615442007,301.82550676821126,298.92910358902776,299.6082836165614,2451396
2021-11-05 15:15:00,301.72572723181327,301.9453620671878,299.48842831758486,300.5870020121205,2314204
2021-11-05 15:00:00,302.24520007346064,304.1826609814161,301.69576340706914,301.71573929023185,2036317
2021-11-05 14:45:00,301.00659543795416,302.53475049990476,300.2774757025136,302.26687390669224,1308041
2021-11-05 14:30:00,301.9454619466036,302.81441286418334,299.6382474413055,301.0964869121865,1538709
2021-11-05 14:15:00,301.2164420905789,302.9242802215785,300.6547202560422,301.9454619466036,1705443
2021-11-05 14:00:00,301.4061131012092,301.8354947097926,299.9578615719096,301.32620956855817,1783814
2021-11-05 13:45:00,296.2919873732968,301.825606647627,296.22247129989046,301.46604075069746,2818000
2021-11-05 13:30:00,299.5883077333986,300.8068366063266,296.1924075957305,296.29068894089124,3049552
2021-11-05 13:15:00,303.428671271438,303.4736170085542,297.6506470666115,299.64823538288687,3342269
2021-11-05 13:00:00,302.44485902567243,303.49349301230114,300.13764452037435,303.4136893590659,3105065
2021-11-05 12:45:00,306.39009595031627,306.51993919087414,302.3850312555999,302.4498529964631,2620889
2021-11-05 12:30:00,310.88476954135166,310.9096395158893,304.5123629330174,306.38010800873485,3345747
2021-11-05 12:15:00,311.7113715866264,313.00211327718773,310.6559457997223,310.9050450627618,2459019
2021-11-05 12:00:00,311.6935930506116,312.12317441802657,311.1942958509585,311.683704988446,1885367
2021-11-05 11:45:00,309.5662613731941,313.6213656552331,309.37649048314796,311.6237773389577,3300997
2021-11-05 11:30:00,309.8360356753071,310.62498318082004,309.04688841096254,309.5961253185224,2610656
2021-11-05 11:15:00,307.4488177579422,310.1455619849139,307.1608654021511,309.8360356753071,2946034
2021-11-05 11:00:00,309.1967075346831,310.9045456656828,306.48997536613,307.45880569952357,2906962
2021-11-05 10:45:00,307.259046867896,311.6237773389577,306.68973419775756,309.0968281188694,4221022
2021-11-05 10:30:00,306.03682245658297,308.9170451704046,305.4412415000855,307.2827182894439,3286707
2021-11-05 10:15:00,304.2726523350643,307.0692759778499,302.81451274359915,306.0683843519801,3690476
2021-11-05 10:00:00,304.31260410138987,306.1204215276191,299.9378856887468,304.31260410138987,5501990
2021-11-05 09:45:00,301.505992517023,311.9733552943059,299.92789774716545,304.3575498385061,9500393
2021-11-05 09:30:00,303.05412346213643,304.33257998455264,300.74690895683835,301.2862578022327,149284
2021-11-05 09:15:00,301.9354740050222,303.33378582641495,300.23752393618815,303.1140511116247,126732
2021-11-05 09:00:00,301.8755463555339,303.33378582641495,301.6358357575809,301.9854137129291,279763
2021-11-05 08:45:00,305.0417238368304,305.36133796743445,299.6382474413055,301.8755463555339,327256
2021-11-05 08:30:00,306.8395533214782,306.94862164354686,304.9318564794352,304.9318564794352,75798
2021-11-05 08:15:00,306.61981860668794,307.628600706407,303.0620139359857,306.87950508780375,261311
2021-11-05 08:00:00,304.1128452697624,306.13040946920046,303.9530382044603,305.6110365069689,47326
2021-11-05 07:45:00,303.33378582641495,304.63221823199393,303.1340269947874,304.0329417371113,39460
2021-11-05 07:30:00,305.99057828706117,306.0005662286426,303.58348436594935,303.58348436594935,67745
2021-11-05 07:15:00,306.98937244519885,307.6785404143139,304.63221823199393,306.1403974107818,122697
2021-11-05 07:00:00,308.3577204418475,308.3577204418475,306.6298065482693,307.42884187477944,24581
2021-11-05 06:45:00,309.04688841096254,309.1068160604508,308.1279977854758,308.1279977854758,13465
2021-11-05 06:30:00,310.225465517565,310.225465517565,306.859529204641,308.2079013181268,37267
2021-11-05 06:15:00,309.01692458621835,310.6050072976573,308.16794955180137,310.27540522547184,29695
2021-11-05 06:00:00,308.3077807339406,309.006936644637,306.6298065482693,309.006936644637,22118
2021-11-05 05:45:00,306.4000838918976,309.0568763525439,306.4000838918976,308.5175275071495,42570
2021-11-05 05:30:00,306.43004771664175,306.6298065482693,306.03053005338666,306.34015624240936,18670
2021-11-05 05:15:00,306.0704818197122,307.3189745173843,306.0704818197122,306.5299271324555,33990
2021-11-05 05:00:00,306.0205421118053,307.33895040054705,305.0716876615745,305.0716876615745,56150
2021-11-05 04:45:00,302.6246419741372,305.96061446231704,302.6246419741372,305.6310123901316,51108
2021-11-05 04:30:00,302.63462991571856,303.0840872868805,301.4560528091161,302.6246419741372,29221
2021-11-05 04:15:00,299.6382474413055,303.33378582641495,298.140056204099,302.63462991571856,76778
2021-11-04 20:00:00,295.9227331730338,296.0925281799172,295.67303463349936,296.0925281799172,26568
2021-11-04 19:45:00,295.74295022456903,296.1324799462427,295.6430708087553,296.0425884720103,18409
2021-11-04 19:30:00,296.3921664273585,296.64186496689297,295.6430708087553,295.75293816615044,14448
2021-11-04 19:15:00,296.94150321433426,297.041382630148,296.1524558294055,296.1524558294055,17060
2021-11-04 19:00:00,297.8504058982395,297.8504058982395,296.7417443827067,296.84162379852046,16979
2021-11-04 18:45:00,297.59071941712375,298.0002250219602,297.4409002934031,297.89035766456504,53645
2021-11-04 18:30:00,297.3410208775893,297.650647066612,297.15124998754317,297.650647066612,13361
2021-11-04 18:15:00,296.94150321433426,297.4409002934031,296.89156350642736,297.23115352019414,12935
2021-11-04 18:00:00,296.64186496689297,296.94150321433426,296.64186496689297,296.94150321433426,12590
2021-11-04 17:45:00,296.7517323242881,296.94150321433426,296.4421061352654,296.89156350642736,12732
2021-11-04 17:30:00,296.68181673321845,297.650647066612,296.64186496689297,296.94150321433426,12397
2021-11-04 17:15:00,295.8428296403828,296.94150321433426,295.6430708087553,296.64186496689297,26793
2021-11-04 17:00:00,297.041382630148,297.64065912503065,295.77291404931316,296.0425884720103,31082
2021-11-04 16:45:00,295.9926487641035,297.24114146177556,295.9926487641035,297.24114146177556,34052
2021-11-04 16:30:00,295.39337226922083,297.650647066612,294.78410783275683,296.4021543689399,250781
2021-11-04 16:15:00,297.650647066612,297.9203214893092,295.14367372968644,295.3334446197326,492112
2021-11-04 16:00:00,295.5731552176856,299.5883077333991,295.503239626616,297.6706229497747,5418730
2021-11-04 15:45:00,299.10878665807724,300.5171863004672,294.9638907812216,295.6230949255925,4659207
2021-11-04 15:30:00,300.74690895683887,304.45243528352967,298.7393326989821,299.00900712167925,4751777
2021-11-04 15:15:00,302.8885233907177,304.29262821822766,297.7804903071699,300.8867401389781,7856042
2021-11-04 15:00:00,310.0506765398914,313.2717876998854,302.664693619879,302.924280221579,7645241
2021-11-04 14:45:00,306.84614536292247,310.15554992649584,305.69573425157944,310.0556705106821,4297329
2021-11-04 14:30:00,303.693351723345,307.7383681843868,303.163990819532,306.84784331299124,4048342
2021-11-04 14:15:00,302.5447384414867,304.6122423488317,301.62584781600003,303.66338789860083,3512062
2021-11-04 14:00:00,299.6432414120967,303.5734964243685,299.26869360279505,302.5796962370215,3535026
2021-11-04 13:45:00,297.4658701473565,300.95565693588964,297.4658701473565,299.6432414120967,3353187
2021-11-04 13:30:00,300.1526264327469,300.61706571628093,297.20118969545007,297.4658701473565,3371076
2021-11-04 13:15:00,296.0625643551731,300.56712600837403,295.2535410870816,300.15342546807346,4027479
2021-11-04 13:00:00,294.61431282587347,296.2902894232285,294.2347710457811,296.272311128382,2786641
2021-11-04 12:45:00,294.8764962923846,295.12369784652367,292.48688126904017,294.5843490011293,3290022
2021-11-04 12:30:00,296.19230771631516,297.91143222130177,294.1948192794556,294.86401136540786,4305825
2021-11-04 12:15:00,293.8402473533167,298.9069303587176,293.57556690141024,296.0975221507079,4959342
2021-11-04 12:00:00,288.9667311380997,294.39457811108315,287.6726934268165,293.86022323647944,3386462
2021-11-04 11:45:00,286.48412837863265,290.229606471649,286.4354871031314,289.0410414234651,3566876
2021-11-04 11:30:00,289.6303299767664,290.52914483967453,286.19947204356345,286.4741404370513,4145815
2021-11-04 11:15:00,286.30434543016787,289.8399768705595,285.07582861565857,289.6303299767664,3427562
2021-11-04 11:00:00,285.9297976208662,287.9024160831882,285.36547892151845,286.28436954700516,2847211
2021-11-04 10:45:00,284.3616907925901,286.3842489628189,283.95717915854436,285.9347915916569,3709189
2021-11-04 10:30:00,285.14474541257,285.1457442067282,281.8497234848738,284.3601926013529,3521469
2021-11-04 10:15:00,280.02692414627256,285.115780381984,279.72229192804053,285.115780381984,4919502
2021-11-04 10:00:00,276.7159215120461,280.2516528318535,276.52625050141575,280.00195429231906,4567375
2021-11-04 09:45:00,271.96166131931074,276.9156803436736,270.8529998037779,276.6959456288833,5237190
2021-11-04 09:30:00,272.2513116251706,272.6508292884257,271.68199895503216,272.03157691038035,52092
2021-11-04 09:15:00,271.9746456433665,272.5709257557747,271.90183354923823,272.3112392746589,56214
2021-11-04 09:00:00,271.4522762986605,272.42110663205403,271.4522762986605,272.12146838461274,47823
2021-11-04 08:45:00,273.03037106851804,273.0703228348435,269.67442269717543,271.6718112546192,852313
2021-11-04 08:30:00,271.5321798313115,273.53975608916824,271.47225218182325,273.0503469516808,62901
2021-11-04 08:15:00,270.673816131808,271.5521557144742,270.4745566972595,271.4822401234046,93146
2021-11-04 08:00:00,270.8729756869406,270.8729756869406,270.69319273847583,270.8729756869406,7509
2021-11-04 07:45:00,270.77309627112686,270.96286716117305,270.6632289137317,270.8729756869406,6227
2021-11-04 07:30:00,270.9229153948475,270.9229153948475,270.65324097215034,270.77309627112686,9259
2021-11-04 07:15:00,271.2724933501957,271.2724933501957,270.6732168553131,270.9728551027544,37883
2021-11-04 07:00:00,270.6732168553131,271.51220394814874,270.6732168553131,271.2724933501957,4421
2021-11-04 06:45:00,270.9428912780102,271.0128068690799,270.9229153948475,271.0128068690799,1606
2021-11-04 06:30:00,271.0627465769868,271.17261393438196,270.9229153948475,270.9728551027544,4438
2021-11-04 06:15:00,271.0627465769868,271.12267422647506,270.9229153948475,271.0627465769868,2687
2021-11-04 06:00:00,270.5833253810807,271.1526380512192,270.5833253810807,271.1526380512192,2746
2021-11-04 05:45:00,271.20257775912603,271.56214365605564,270.37357860787176,270.5433736147552,8661
2021-11-04 05:30:00,269.67442269717543,271.7019748381949,269.67442269717543,270.91292745326615,21719
2021-11-04 05:15:00,269.3747844497341,269.67442269717543,269.3747844497341,269.67442269717543,8345
2021-11-04 05:00:00,269.3747844497341,269.4546879823851,269.2948809170831,269.2948809170831,10206
2021-11-04 04:45:00,269.3647965081527,269.65444681401266,269.2948809170831,269.43471209922234,14225
2021-11-04 04:30:00,268.87538737066524,269.4546879823851,268.3560144084337,269.2948809170831,13624
2021-11-04 04:15:00,268.02641233624826,268.99524266964175,267.27731671764496,268.97526678647904,14736
2021-11-03 20:00:00,266.6181125732741,267.1774373018312,266.5282210990418,267.1774373018312,12399
2021-11-03 19:45:00,266.6780402227624,266.6780402227624,266.428341683228,266.58814874853005,9569
2021-11-03 19:30:00,266.62810051485553,266.6780402227624,266.428341683228,266.6780402227624,9827
2021-11-03 19:15:00,266.65806433959966,266.6780402227624,266.5681728653672,266.57816080694863,5515
2021-11-03 19:00:00,266.09873961104256,266.4782813911349,266.09873961104256,266.4583055079721,3200
2021-11-03 18:45:00,266.17864314369353,266.17864314369353,265.8889928378336,265.8889928378336,2360
2021-11-03 18:30:00,265.9189566625778,266.1586672605308,265.87900489625224,266.1586672605308,7770
2021-11-03 18:15:00,265.9189566625778,265.97888431206604,265.8090893051826,265.9089687209964,1680
2021-11-03 18:00:00,265.7791254804385,266.1287034357867,265.7791254804385,265.9389325457405,7135
2021-11-03 17:45:00,265.66925812304333,265.87900489625224,265.62930635671785,265.7291857725316,7994
2021-11-03 17:30:00,265.659270181462,265.66925812304333,265.58935459039236,265.58935459039236,3137
2021-11-03 17:15:00,265.46949929141584,265.57936664881095,265.42964740450606,265.4994631161599,3094
2021-11-03 17:00:00,265.4295475250903,265.6392942982992,265.03002986183526,265.4295475250903,46977
2021-11-03 16:45:00,265.449523408253,265.6792460646247,265.17984898555585,265.6792460646247,16776
2021-11-03 16:30:00,265.26974045978824,265.659270181462,265.03002986183526,265.449523408253,68524
2021-11-03 16:15:00,265.659270181462,265.8690169546709,265.27972840136965,265.34964399243927,325595
2021-11-03 16:00:00,265.71919783095024,266.01883607839153,265.2397766350441,265.6492822398806,1303603
2021-11-03 15:45:00,265.3296681092765,265.9189566625778,265.20661666899395,265.7291857725316,645072
2021-11-03 15:30:00,265.38959575876476,265.8889928378336,264.9501263291842,265.30130235518544,593718
2021-11-03 15:15:00,265.34964399243927,266.17864314369353,264.98009015392836,265.34964399243927,857495
2021-11-03 15:00:00,264.0861693823951,265.87900489625224,264.0861693823951,265.3746138463927,1219631
2021-11-03 14:45:00,263.48189891672183,264.1411030610927,262.5931718748109,264.07987697919884,683654
2021-11-03 14:30:00,262.4930927001655,263.5618024493728,262.3532615180262,263.4419471503963,712949
2021-11-03 14:15:00,262.37823137197967,265.17984898555585,262.2334062190497,262.4431529922586,1384667
2021-11-03 14:00:00,263.62173009886106,263.64170598202384,262.2833459269566,262.3034216895351,476363
2021-11-03 13:45:00,263.9713080542093,264.071187470023,263.48189891672183,263.6317180404424,364404
2021-11-03 13:30:00,264.3108980679761,264.32088600955746,263.67166980676797,263.96132011262785,313435
2021-11-03 13:15:00,264.0512115868603,264.4007895422085,263.83147687206997,264.30380662945333,402513
2021-11-03 13:00:00,263.7306985415139,264.0811754116044,263.29212802667564,264.0312357036976,470393
2021-11-03 12:45:00,264.13111511951126,264.13111511951126,263.64170598202384,263.72160951467487,394000
2021-11-03 12:30:00,264.04122364527893,264.2409824769064,263.25217626035015,264.11113923634855,523643
2021-11-03 12:15:00,264.6255182277894,264.6255182277894,263.52185068304726,263.9962779081627,609113
2021-11-03 12:00:00,263.94224314420745,264.8502469133704,263.85145275523274,264.62811509260064,623608
2021-11-03 11:45:00,263.8214889304886,264.1910427689996,263.11074700755785,263.9263623170931,629556
2021-11-03 11:30:00,263.09236919504815,263.90139246313964,262.81270683076957,263.8015130473259,518323
2021-11-03 11:15:00,263.4719109751405,263.76156128100035,262.6728756486303,263.032341666144,543522
2021-11-03 11:00:00,262.8226947723509,263.8414648136514,262.5180625541189,263.4488388300875,628181
2021-11-03 10:45:00,262.8326827139323,263.11374339003225,262.1335268032359,262.8426706555137,776250
2021-11-03 10:30:00,262.94255007132745,264.04122364527893,262.0336473874222,262.77774903523476,1188002
2021-11-03 10:15:00,265.5094510577413,265.5194389993227,262.78274300602544,262.9325621297461,1490973
2021-11-03 10:00:00,264.1411030610927,265.7691375388571,263.90139246313964,265.449523408253,1569944
2021-11-03 09:45:00,266.3784019753211,267.51702731559806,263.461923033559,264.0661934992323,3113257
2021-11-03 09:30:00,266.77781975916037,267.1774373018312,265.97888431206604,265.97888431206604,58220
2021-11-03 09:15:00,266.5282210990418,266.7779196385762,266.24825909651577,266.7579437554134,38479
2021-11-03 09:00:00,266.36561741009695,266.6780402227624,266.2410677785772,266.6780402227624,18630
2021-11-03 08:45:00,266.3384502089956,266.5282210990418,265.87900489625224,266.22858285160044,24061
2021-11-03 08:30:00,266.827859346483,266.8977749375527,266.3384502089956,266.4183537416466,27690
2021-11-03 08:15:00,266.2408680197455,266.827859346483,266.17864314369353,266.827859346483,53967
2021-11-03 08:00:00,266.4782813911349,266.6780402227624,266.428341683228,266.65806433959966,6794
2021-11-03 07:45:00,266.17864314369353,266.3784019753211,266.1287034357867,266.3784019753211,6329
2021-11-03 07:30:00,266.39837785848385,266.5182331574604,266.13869137736805,266.13869137736805,8282
2021-11-03 07:15:00,266.22858285160044,266.55818492378586,266.1986190268563,266.2984984426701,8230
2021-11-03 07:00:00,266.7179919890879,266.7179919890879,265.99886019522876,266.27852255950734,12858
2021-11-03 06:45:00,267.0575820028547,267.0575820028547,266.74795581383205,266.74795581383205,1854
2021-11-03 06:30:00,267.0875458275989,267.4471117245284,266.7080040475065,267.0575820028547,6087
2021-11-03 06:15:00,267.23736495131953,267.277316717645,267.0875458275989,267.0875458275989,2263
2021-11-03 06:00:00,267.51702731559806,267.51702731559806,267.51702731559806,267.51702731559806,623
2021-11-03 05:45:00,266.94771464545954,267.0875458275989,266.94771464545954,267.0875458275989,2345
2021-11-03 05:30:00,266.9776784702037,266.9776784702037,266.8777990543899,266.8777990543899,2157
2021-11-03 05:15:00,266.40836580006527,267.16744936024986,266.40836580006527,266.6780402227624,4150
2021-11-03 05:00:00,266.09873961104256,266.09873961104256,265.9589084289032,265.97888431206604,4278
2021-11-03 04:45:00,265.69922194778746,266.1087275526239,265.69922194778746,266.09873961104256,3692
2021-11-03 04:30:00,265.57936664881095,265.9089687209964,265.57936664881095,265.9089687209964,4532
2021-11-03 04:15:00,265.6792460646247,265.7591495972757,264.680451906487,265.27972840136965,6151
2021-11-02 20:00:00,264.6005483738364,264.68045190648735,264.3908016006274,264.3908016006274,6828
2021-11-02 19:45:00,264.6703640854901,264.68045190648735,264.38081365904605,264.58057249067355,6331
2021-11-02 19:30:00,264.4007895422088,264.670463964906,264.38081365904605,264.5506086659295,4132
2021-11-02 19:15:00,264.6504880817433,264.6504880817433,264.1810548274185,264.3508498343019,7403
2021-11-02 19:00:00,264.19104276899986,264.43075336695296,264.10115129476753,264.43075336695296,6109
2021-11-02 18:45:00,264.19104276899986,264.58057249067355,264.19104276899986,264.42076542537154,2773
2021-11-02 18:30:00,264.2709463016509,264.56059660751083,264.10115129476753,264.22100659374405,3344
2021-11-02 18:15:00,264.17106688583715,264.2809342432323,263.9912839373724,264.2809342432323,7226
2021-11-02 18:00:00,263.9912839373724,264.1810548274185,263.9912839373724,264.1810548274185,747
2021-11-02 17:45:00,263.86144069681444,264.17106688583715,263.86144069681444,264.17106688583715,1105
2021-11-02 17:30:00,264.1810548274185,264.1810548274185,263.7116215730938,264.1810548274185,2093
2021-11-02 17:15:00,264.29092218481367,264.29092218481367,264.1111392363489,264.1111392363489,2298
2021-11-02 17:00:00,264.6005483738364,264.68045190648735,264.1810548274185,264.300910126395,5248
2021-11-02 16:45:00,263.89140452155857,264.68045190648735,263.691645689931,264.43075336695296,163330
2021-11-02 16:30:00,263.68805003096173,264.1311151195116,263.68165774834966,263.90139246314,36992
2021-11-02 16:15:00,263.691645689931,263.89140452155857,263.4319592088152,263.68165774834966,239784
2021-11-02 16:00:00,264.76534940992906,264.8802107381149,263.292128026676,263.7216095146752,1341211
2021-11-02 15:45:00,263.76156128100064,264.830271030208,263.292128026676,264.7403795559756,830857
2021-11-02 15:30:00,263.58177833253586,263.78153716416347,263.1173390490019,263.7687525989393,486794
2021-11-02 15:15:00,263.5556099255927,263.9613201126282,263.1622847861181,263.58177833253586,547724
2021-11-02 15:00:00,262.1734785695618,263.6217300988614,262.13352680323624,263.5603042581359,944499
2021-11-02 14:45:00,262.48310475858443,262.5230565249099,261.5143743046067,262.153502686399,1005520
2021-11-02 14:30:00,262.4731168170031,262.682863590212,261.8538644389577,262.47371609349796,748904
2021-11-02 14:15:00,263.7915251057448,264.1810548274185,262.3357826202591,262.4152866352469,824293
2021-11-02 14:00:00,264.04082412761596,264.0911633531861,263.46212279239097,263.81150098890754,454166
2021-11-02 13:45:00,264.3811132972935,264.51065689960393,263.7016336315124,264.05940169895734,712989
2021-11-02 13:30:00,264.91037432169065,265.1299092776493,264.2809342432323,264.3758196882554,586960
2021-11-02 13:15:00,265.3196801676955,265.439535466672,264.7903192638825,264.9301504460218,457937
2021-11-02 13:00:00,265.04451237712857,265.67924606462503,264.87022279653354,265.28971634295135,784564
2021-11-02 12:45:00,264.82028308862664,265.13949770156745,264.15109100267443,265.0799695697424,671664
2021-11-02 12:30:00,265.0100539786728,265.06998162816103,263.70173351092825,264.7903192638825,667849
2021-11-02 12:15:00,264.3608377758833,265.04990586558245,263.5487182459015,265.0100539786728,983395
2021-11-02 12:00:00,266.2585466763449,266.4583055079724,264.21041937566775,264.37082571746464,1310435
2021-11-02 11:45:00,263.8314768720703,266.26853461792626,263.3920074424897,266.2485587347635,1946963
2021-11-02 11:30:00,262.1235388616549,263.9613201126282,262.1145497142316,263.8514527552331,1291040
2021-11-02 11:15:00,261.8638523805391,263.02245360397876,261.8239006142135,262.1135509200735,1027394
2021-11-02 11:00:00,260.8950220471455,262.3832253427707,260.66529939077384,261.83388855579494,1049775
2021-11-02 10:45:00,260.5853958581228,261.65410560733017,260.5853958581228,260.8450823392387,856740
2021-11-02 10:30:00,258.9773372635212,260.85507028082003,258.93239152640496,260.58489646104374,1517577
2021-11-02 10:15:00,261.6640935489116,261.8638523805391,258.66771107449847,258.98682580802347,1504311
2021-11-02 10:00:00,259.52667405049687,262.04363532900385,259.3568790436135,261.6639936694957,2126203
2021-11-02 09:45:00,257.9086275143139,260.9549496966338,257.68889279952356,259.5017041965434,2524162
2021-11-02 09:30:00,257.569037500547,258.32812106073163,257.3892545520822,257.6988807411049,18289
2021-11-02 09:15:00,257.489133967896,257.68889279952356,257.3393148441753,257.5590495589656,12667
2021-11-02 09:00:00,257.49912190947737,257.68889279952356,257.489133967896,257.59900132529117,5330
2021-11-02 08:45:00,257.68889279952356,257.68889279952356,257.35929072733813,257.35929072733813,5812
2021-11-02 08:30:00,257.63895309161666,257.68889279952356,257.42920631840775,257.68889279952356,4832
2021-11-02 08:15:00,257.68889279952356,258.60278945421953,256.6900986413859,257.6689169163608,25315
2021-11-02 08:00:00,257.39924249366356,257.40923043524504,257.28937513626846,257.30935101943123,6280
2021-11-02 07:45:00,256.86988158985065,257.3892545520822,256.86988158985065,257.3892545520822,2576
2021-11-02 07:30:00,257.3393148441753,257.3393148441753,256.6900986413859,256.86988158985065,5899
2021-11-02 07:15:00,258.2282416449179,258.4679522428709,257.28937513626846,257.4192183768264,11697
2021-11-02 07:00:00,258.2382295864993,258.2382295864993,258.2382295864993,258.2382295864993,408
2021-11-02 06:45:00,257.8986395727324,257.8986395727324,257.8986395727324,257.8986395727324,1018
2021-11-02 06:30:00,257.9485792806393,257.9585672222207,257.9485792806393,257.9585672222207,621
2021-11-02 06:15:00,257.6589289747794,257.6689169163608,257.6589289747794,257.6689169163608,744
2021-11-02 06:00:00,257.6589289747794,257.68889279952356,257.58901338370976,257.58901338370976,3091
2021-11-02 05:45:00,258.178301937011,258.2182537033365,257.9485792806393,257.9485792806393,1547
2021-11-02 05:30:00,257.68889279952356,258.12836222910414,257.68889279952356,258.12836222910414,1674
2021-11-02 05:15:00,257.71885662426763,257.8087480985001,257.71885662426763,257.8087480985001,1277
2021-11-02 05:00:00,257.68889279952356,257.6988807411049,257.68889279952356,257.68889279952356,2703
2021-11-02 04:45:00,257.68889279952356,257.9685551638021,257.6689169163608,257.9685551638021,1407
2021-11-02 04:30:00,258.1882898785924,258.1882898785924,257.6689169163608,257.6689169163608,4551
2021-11-02 04:15:00,258.68768695766124,258.68768695766124,257.8786636895697,258.12836222910414,4065
2021-11-01 20:00:00,257.5190977926394,257.5390736758022,257.4491822015698,257.4491822015698,5607
2021-11-01 19:45:00,257.7388325074297,257.7388325074297,257.48913396789527,257.48913396789527,3997
2021-11-01 19:30:00,257.6888927995228,257.70886868268553,257.6888927995228,257.6888927995228,1125
2021-11-01 19:15:00,257.6888927995228,257.93859133905727,257.6888927995228,257.6888927995228,11379
2021-11-01 19:00:00,257.6389530916159,257.8686757479876,257.589013383709,257.6888927995228,3973
2021-11-01 18:45:00,257.2094716036167,257.6888927995228,257.2094716036167,257.589013383709,4604
2021-11-01 18:30:00,257.29936307784914,257.6888927995228,257.2194595451981,257.50910985105804,6058
2021-11-01 18:15:00,257.6888927995228,257.6888927995228,257.2094716036167,257.6189772084532,4831
2021-11-01 18:00:00,257.75880839059243,257.7887722153366,257.6888927995228,257.7887722153366,2874
2021-11-01 17:45:00,257.83871192324347,257.83871192324347,257.6888927995228,257.6888927995228,329
2021-11-01 17:30:00,257.6888927995228,257.8686757479876,257.4391942599884,257.4391942599884,2407
2021-11-01 17:15:00,257.67890485794146,258.1483381122661,257.67890485794146,257.6888927995228,5420
2021-11-01 17:00:00,257.5857173629872,257.6888927995228,257.429206318407,257.4391942599884,3995
2021-11-01 16:45:00,257.6489410331973,257.6489410331973,257.1395560125471,257.3892545520815,7984
2021-11-01 16:30:00,257.589013383709,257.95856722222,256.99972483040784,256.99972483040784,36787
2021-11-01 16:15:00,257.95856722222,258.23822958649856,257.4491822015698,257.6888927995228,278468
2021-11-01 16:00:00,257.01970071357056,258.2282416449172,257.01970071357056,257.97854310538276,1247465
2021-11-01 15:45:00,256.76101302661294,257.32932690259327,256.6201830503155,257.03967659673333,730303
2021-11-01 15:30:00,256.27060509496727,257.03967659673333,255.99094273068877,256.76500820324543,741998
2021-11-01 15:15:00,255.89106331487497,256.3804724523624,255.47156976845716,256.27599858342126,579451
2021-11-01 15:00:00,256.14575582520007,256.20068950389765,255.59142506743368,255.87108743171223,545613
2021-11-01 14:45:00,256.5402795176645,256.6451529042689,255.90105125645636,256.1407618544094,548579
2021-11-01 14:30:00,256.46536995580414,257.1394561331313,256.15074979599075,256.56025540082726,583072
2021-11-01 14:15:00,256.89345313198197,257.07243704512024,256.4154302478973,256.4903398097576,527989
2021-11-01 14:00:00,257.11958012938436,257.589013383709,256.42541818947865,256.89984541459404,866933
2021-11-01 13:45:00,257.6182780525425,258.13835017068476,256.9879390593418,257.1395560125471,687606
2021-11-01 13:30:00,258.0284828132896,258.11837428752204,257.4991219094767,257.60898926687184,601259
2021-11-01 13:15:00,258.0085069301269,258.0983984043593,257.4609679726358,257.9995177827036,390144
2021-11-01 13:00:00,258.32812106073095,258.44997394802374,257.6689169163601,258.0035129593362,525140
2021-11-01 12:45:00,257.60898926687184,258.5079040091957,257.29317055406864,258.3580848854751,578440
2021-11-01 12:30:00,257.7881729388417,258.01849487170824,257.4791460263139,257.59900132529043,509431
2021-11-01 12:15:00,258.3880487102192,258.3880487102192,257.69898062052005,257.798760156918,574001
2021-11-01 12:00:00,257.29936307784914,258.62775930817224,257.2194595451981,258.3730667978471,889300
2021-11-01 11:45:00,257.59910120470624,257.83871192324347,256.89984541459404,257.27928731527055,945946
2021-11-01 11:30:00,256.1791155500819,257.6689169163601,256.1159917592876,257.6389530916159,1275109
2021-11-01 11:15:00,255.22686519971342,256.32054480287417,255.10321448293598,256.1824115708037,868476
2021-11-01 11:00:00,255.7512321327357,256.69009864138513,255.00213651413245,255.25682902445755,1131544
2021-11-01 10:45:00,256.7066786244102,257.52908573422076,255.37169035264338,255.79118389906125,1430924
2021-11-01 10:30:00,254.282105805531,257.3102499341728,253.94840867729718,256.72006246612926,1285412
2021-11-01 10:15:00,254.74245003301667,254.76242591617938,253.18433114632188,254.30298060343608,1114814
2021-11-01 10:00:00,253.7533441782129,255.44160594371303,253.5938367511583,254.74245003301667,1709090
2021-11-01 09:45:00,256.18071362073493,256.1907015623163,251.9658022733939,253.83354734911134,3037196
2021-11-01 09:30:00,256.39046039394384,257.189495720454,256.08083420492113,256.1907015623163,47435
2021-11-01 09:15:00,256.6801106998038,256.69009864138513,255.69130448324745,256.2805930365487,221622
2021-11-01 09:00:00,256.4903398097576,256.8898574730127,256.0305948587668,256.8898574730127,42037
2021-11-01 08:45:00,257.6689169163601,257.6689169163601,256.58023128399,256.58023128399,40111
2021-11-01 08:30:00,257.45917014315114,257.6888927995228,257.38935443149734,257.6389530916159,24402
2021-11-01 08:15:00,258.4379884181261,258.617671487175,257.4491822015698,257.589013383709,74771
2021-11-01 08:00:00,257.9885310469641,258.0284828132896,257.83871192324347,257.92860339747585,7943
2021-11-01 07:45:00,258.0784225211965,258.28816929440546,257.96855516380134,258.08841046277786,14789
2021-11-01 07:30:00,258.39803665180057,258.39803665180057,257.7887722153366,258.18828987859166,11443
2021-11-01 07:15:00,257.7887722153366,258.5578437171026,257.7887722153366,258.48792812603295,29151
2021-11-01 07:00:00,257.6888927995228,257.9885310469641,257.6888927995228,257.9885310469641,4666
2021-11-01 06:45:00,257.95856722222,257.96855516380134,257.95856722222,257.95856722222,1214
2021-11-01 06:30:00,257.9985189885455,258.28816929440546,257.88865163115037,257.88865163115037,1839
2021-11-01 06:15:00,258.1783019370103,258.2482175280799,257.6888927995228,257.96855516380134,8562
2021-11-01 06:00:00,258.6876869576605,258.6876869576605,258.3780607686378,258.3780607686378,4568
2021-11-01 05:45:00,257.88865163115037,258.7875663734743,257.88865163115037,258.7775784318929,10873
2021-11-01 05:30:00,257.5190977926394,258.08841046277786,257.5190977926394,258.08841046277786,6423
2021-11-01 05:15:00,256.9597730640823,257.57902544212766,256.6801106998038,257.55904955896494,7940
2021-11-01 05:00:00,257.0896163046402,257.0896163046402,256.87986953143127,256.92980923933817,1730
2021-11-01 04:45:00,256.69009864138513,256.9397971809196,256.6801106998038,256.9397971809196,1624
2021-11-01 04:30:00,257.03967659673333,257.5190977926394,256.69009864138513,256.72006246612926,6554
2021-11-01 04:15:00,258.5878075418467,258.5878075418467,256.69009864138513,257.1295680709657,6592
2021-10-29 20:00:00,255.5814371258523,255.72126830799155,255.39166623580613,255.72126830799155,7463
2021-10-29 19:45:00,255.5814371258523,255.59142506743368,255.5414853595268,255.5814371258523,2635
2021-10-29 19:30:00,255.59142506743368,255.6213888921778,255.48155771003852,255.59142506743368,1668
2021-10-29 19:15:00,255.5015335932013,255.6313768337592,255.49154565161993,255.49154565161993,4453
2021-10-29 19:00:00,255.6313768337592,255.6313768337592,255.51152153478267,255.51152153478267,7446
2021-10-29 18:45:00,255.49154565161993,255.6313768337592,255.49154565161993,255.6313768337592,6479
2021-10-29 18:30:00,255.5814371258523,255.6313768337592,255.43161800213167,255.59132518801786,1822
2021-10-29 18:15:00,255.53149741794542,255.5414853595268,255.361702411062,255.361702411062,4520
2021-10-29 18:00:00,255.361702411062,255.4615818268758,255.361702411062,255.4615818268758,3317
2021-10-29 17:45:00,255.39166623580613,255.44160594371303,255.39166623580613,255.44160594371303,549
2021-10-29 17:30:00,255.361702411062,255.42163006055026,255.3217506447365,255.42163006055026,9307
2021-10-29 17:15:00,255.42163006055026,255.42163006055026,255.361702411062,255.40165417738754,2934
2021-10-29 17:00:00,255.42163006055026,255.44160594371303,255.361702411062,255.4116421189689,16932
2021-10-29 16:45:00,255.361702411062,255.4615818268758,255.31176270315513,255.44160594371303,12271
2021-10-29 16:30:00,255.43161800213167,255.47156976845716,255.30177476157377,255.4515938852944,20477
2021-10-29 16:15:00,255.361702411062,255.68121666225028,252.1481820866698,255.40165417738754,835164
2021-10-29 16:00:00,254.80237768250493,255.67132860008468,254.69251032510977,255.37169035264338,1636290
2021-10-29 15:45:00,254.60261885087738,255.0720521052021,254.48276355190083,254.8423294488304,960629
2021-10-29 15:30:00,254.71248620827254,254.7574319453887,254.1132097133899,254.60261885087738,850439
2021-10-29 15:15:00,255.5711495460235,255.5711495460235,254.6325826756215,254.69251032510977,597789
2021-10-29 15:00:00,255.20449221057115,255.57144918427093,255.0121244557138,255.57144918427093,598405
2021-10-29 14:45:00,254.70749223748183,255.22187122892274,254.3629082529243,255.17692549180654,731034
2021-10-29 14:30:00,255.89106331487497,256.0908221465025,254.6441686878559,254.70249826669112,762885
2021-10-29 14:15:00,255.90105125645636,256.7799901156175,255.69549941871165,255.90105125645636,1414096
2021-10-29 14:00:00,255.7512321327357,256.0708462633398,255.3566085608555,255.90105125645636,704540
2021-10-29 13:45:00,255.92102713961913,256.2406412702232,255.48655168082922,255.72126830799155,838553
2021-10-29 13:30:00,255.33173858631787,255.9809547891074,255.17193152101584,255.8810753732936,984437
2021-10-29 13:15:00,255.21747653462694,255.48155771003852,254.79238974092354,255.3194534181728,669368
2021-10-29 13:00:00,254.81236562408628,255.31176270315513,254.66254650036564,255.21188328734138,671898
2021-10-29 12:45:00,254.33294442818018,254.92223298148141,254.21358852628273,254.80237768250493,656212
2021-10-29 12:30:00,254.8213547715095,254.8213547715095,254.04329412232028,254.35292031134296,798847
2021-10-29 12:15:00,254.14317353813402,255.12199181310896,254.12319765497128,254.82235356566767,1130515
2021-10-29 12:00:00,253.1584623776261,254.30298060343608,252.89068566382937,254.13598222019544,570750
2021-10-29 11:45:00,253.61880660511176,253.79359558278585,253.02452408101985,253.14937335078704,383885
2021-10-29 11:30:00,253.18433114632188,253.93003086478745,252.98027749981432,253.63858272944287,594019
2021-10-29 11:15:00,251.90587462390562,253.2043070294846,251.76604344176633,253.13479095607823,667960
2021-10-29 11:00:00,252.75484965832266,252.87470495729917,251.22869218468827,251.82597109125462,890594
2021-10-29 10:45:00,253.05448790576398,253.8934749985996,252.0556937476263,252.7448617167413,895530
2021-10-29 10:30:00,254.3728961945057,254.64257061720286,252.8647170157178,253.05448790576398,935539
2021-10-29 10:15:00,253.69371616697208,254.64257061720286,252.9046687820433,254.35951235278665,1617581
2021-10-29 10:00:00,253.18433114632188,254.19311324604092,251.75605550018497,253.68372822539072,2136993
2021-10-29 09:45:00,249.70353350521202,253.57386086799556,249.69853953442134,253.16105924243726,2948657
2021-10-29 09:30:00,250.41757144886466,250.94703223209345,249.7085274760027,249.7085274760027,40697
2021-10-29 09:15:00,250.1080451392578,250.69733369255903,250.00466994389055,250.41767132828048,38535
2021-10-29 09:00:00,250.42765926986183,250.42765926986183,249.5387324691193,249.7984189502351,33010
2021-10-29 08:45:00,250.74717352105012,250.74717352105012,250.19793661349019,250.19793661349019,26923
2021-10-29 08:30:00,250.55560480151928,250.74727340046593,250.29781602930393,250.7363865441422,16762
2021-10-29 08:15:00,249.69863941383716,250.5029683493854,249.1991424553525,250.5029683493854,59395
2021-10-29 08:00:00,250.2478763213971,250.3976954451177,249.93825013237438,250.19793661349019,9710
2021-10-29 07:45:00,249.34896157907315,250.19793661349019,249.1991424553525,250.19793661349019,14222
2021-10-29 07:30:00,249.69853953442134,249.7984189502351,249.31899775432902,249.34896157907315,10019
2021-10-29 07:15:00,249.87832248288612,250.28782808772257,249.69853953442134,249.89829836604886,20818
2021-10-29 07:00:00,249.69853953442134,249.89829836604886,249.59866011860757,249.87832248288612,2546
2021-10-29 06:45:00,249.22910628009663,249.91827424921163,249.22910628009663,249.91827424921163,17947
2021-10-29 06:30:00,249.71851541758411,249.71851541758411,249.09926303953873,249.49878070279382,10495
2021-10-29 06:15:00,250.74727340046593,250.79721310837277,249.8883104244675,249.89829836604886,7705
2021-10-29 06:00:00,250.56749045200112,250.79721310837277,250.56749045200112,250.79721310837277,1213
2021-10-29 05:45:00,250.70732163414038,250.70732163414038,250.64739398465213,250.64739398465213,2201
2021-10-29 05:30:00,251.8659228575801,251.8659228575801,250.69733369255903,250.69733369255903,7453
2021-10-29 05:15:00,251.90587462390562,251.92585050706836,251.85593491599874,251.85593491599874,1900
2021-10-29 05:00:00,251.6961278506967,251.6961278506967,251.6961278506967,251.6961278506967,1881
2021-10-29 04:45:00,252.17554904660278,252.17554904660278,251.90587462390562,251.90587462390562,562
2021-10-29 04:30:00,251.1368031221396,252.17554904660278,250.97699605683758,251.6961278506967,7049
2021-10-29 04:15:00,251.0069598815817,251.19673077162787,250.1080451392578,251.16676694688374,6057
2021-10-28 20:00:00,250.89709252418643,251.19673077162776,250.8671286994423,250.94703223209333,9885
2021-10-28 19:45:00,250.69743357197473,251.19673077162776,250.6973336925589,250.89709252418643,7972
2021-10-28 19:30:00,250.74727340046582,250.89709252418643,250.5175507440941,250.59745427674514,3893
2021-10-28 19:15:00,250.89709252418643,250.89709252418643,250.4476351530245,250.74727340046582,2919
2021-10-28 19:00:00,250.4476351530245,250.6973336925589,250.29781602930385,250.6973336925589,8193
2021-10-28 18:45:00,251.44642931116218,251.44642931116218,250.6973336925589,250.6973336925589,10614
2021-10-28 18:30:00,251.41646548641805,251.44642931116218,250.9670081152561,251.44642931116218,9701
2021-10-28 18:15:00,251.7460675586035,251.7460675586035,250.8771166410237,251.29661018744153,11052
2021-10-28 18:00:00,251.01694782316295,252.02572992288205,250.7972131083727,252.02572992288205,25943
2021-10-28 17:45:00,250.6973336925589,251.49636901906908,250.4975748609314,250.72729751730304,29089
2021-10-28 17:30:00,249.54872041070058,250.94703223209333,249.46881687804958,250.6973336925589,44144
2021-10-28 17:15:00,249.5387324691192,249.68855159283987,249.10925098112,249.58867217702607,146240
2021-10-28 17:00:00,249.4987807027937,249.6585877680957,249.30900981274755,249.6585877680957,15814
2021-10-28 16:45:00,249.52874452753784,249.64859982651433,247.70095121814586,249.4987807027937,110561
2021-10-28 16:30:00,249.45882893646817,249.56869629386333,249.14211130892272,249.31859823666565,12478
2021-10-28 16:15:00,249.10925098112,249.60864806018884,248.58987801888838,249.42886511172404,733041
2021-10-28 16:00:00,247.96063769926164,249.1991424553524,247.91569196214547,249.12922686428274,1471312
2021-10-28 15:45:00,247.6809753349831,248.32649599938748,247.66599342261105,247.97062564084305,666429
2021-10-28 15:30:00,247.04174707377499,248.12044476456367,246.98181942428673,247.67098739340173,672153
2021-10-28 15:15:00,247.10167472326324,247.39132502912318,246.88194000847295,246.99180736586808,482813
2021-10-28 15:00:00,247.11166266484463,247.4459590695733,246.9518555995426,247.14162648958876,499727
2021-10-28 14:45:00,247.52216706383922,247.66099945182035,246.9019158916357,247.13163854800737,768812
2021-10-28 14:30:00,247.6614988488994,248.06051711507544,247.2914456133094,247.51617429889038,680304
2021-10-28 14:15:00,247.21154208065838,247.74090298447135,247.19656016828634,247.6809753349831,487013
2021-10-28 14:00:00,247.50618635730902,247.82080651712238,247.10177460267906,247.19156619749566,408359
2021-10-28 13:45:00,247.04174707377499,247.54114415284383,247.0217711906122,247.48121650335557,393798
2021-10-28 13:30:00,246.74210882633366,247.2413061465709,246.57441128718236,247.04174707377499,343454
2021-10-28 13:15:00,246.10288056512556,246.91390142153335,246.08290468196282,246.70215706000818,755806
2021-10-28 13:00:00,246.96184354112395,246.98181942428673,245.67339907712636,246.08290468196282,384893
2021-10-28 12:45:00,246.44247057889237,247.15161443117012,246.2227358641021,246.97183148270537,427323
2021-10-28 12:30:00,246.30263939675308,246.54234999470614,245.83899914854558,246.40251881256685,391913
2021-10-28 12:15:00,246.01298909089317,246.36256704624137,245.6933749602891,246.30263939675308,422660
2021-10-28 12:00:00,246.23272380568346,246.47233452422068,245.7732784929401,246.02097944415829,499570
2021-10-28 11:45:00,246.9518555995426,246.99170748645227,245.81323025926565,246.24271174726482,654274
2021-10-28 11:30:00,246.85197618372882,247.66229788422592,246.8169185087782,246.92688574558915,542982
2021-10-28 11:15:00,246.9518555995426,247.31142149647218,246.30263939675308,246.92189177479847,724014
2021-10-28 11:00:00,247.65530632511894,248.12044476456367,246.91190383321708,246.93687368717053,793919
2021-10-28 10:45:00,247.2913457338936,247.99060152400577,246.9019158916357,247.66099945182035,841560
2021-10-28 10:30:00,246.94686162875192,247.83079445870376,246.3289076831121,247.25898480316994,1130519
2021-10-28 10:15:00,245.55354377814982,247.0017953074495,245.1455363645506,246.9019158916357,1258363
2021-10-28 10:00:00,246.5523379362875,247.31142149647218,244.93429140010446,245.521282726842,1881675
2021-10-28 09:45:00,248.48001066149325,248.67976949312077,245.63344731080085,246.50239822838066,2630385
2021-10-28 09:30:00,246.35257910465998,248.81960067526006,246.35257910465998,248.59986596046977,75126
2021-10-28 09:15:00,246.57231381945027,246.57231381945027,244.21515960624532,246.32261527991585,9768
2021-10-28 09:00:00,246.20275998093933,246.52237411154337,245.903121733498,246.28266351359036,20138
2021-10-28 08:45:00,246.80203647582192,246.85197618372882,245.86316996717252,246.20275998093933,19866
2021-10-28 08:30:00,246.8220123589847,247.30143355489076,246.80203647582192,246.9019158916357,9619
2021-10-28 08:15:00,247.20155413907702,247.70095121814586,246.72213294317095,246.7321208847523,45894
2021-10-28 08:00:00,247.2215300222398,247.6010718023321,247.20155413907702,247.3713491459604,20757
2021-10-28 07:45:00,247.20155413907702,247.2215300222398,247.20155413907702,247.20155413907702,4063
2021-10-28 07:30:00,247.23151796382115,247.31142149647218,247.20155413907702,247.20155413907702,9747
2021-10-28 07:15:00,246.88194000847295,247.43127679544867,246.72213294317095,247.20155413907702,16536
2021-10-28 06:30:00,246.3925308709855,246.40251881256685,246.3925308709855,246.40251881256685,513
2021-10-28 06:15:00,246.3126273383345,246.42249469572963,246.23272380568346,246.23272380568346,1554
2021-10-28 06:00:00,246.40251881256685,246.40251881256685,246.23272380568346,246.23272380568346,1818
2021-10-28 05:45:00,246.89192795005434,246.9019158916357,246.6022776441944,246.6022776441944,1204
2021-10-28 05:30:00,246.64222941051992,246.64222941051992,246.53236205312479,246.53236205312479,823
2021-10-28 05:15:00,246.99180736586808,246.99180736586808,246.70215706000818,246.70215706000818,3072
2021-10-28 05:00:00,246.98181942428673,246.98181942428673,246.98181942428673,246.98181942428673,574
2021-10-28 04:45:00,246.50239822838066,246.50239822838066,246.30263939675308,246.30263939675308,2159
2021-10-28 04:30:00,246.20275998093933,246.7321208847523,246.09289262354417,246.7321208847523,1463
2021-10-28 04:15:00,245.78326643452152,245.80324231768424,245.50360407024297,245.80324231768424,2256
2021-10-27 20:00:00,244.904327575361,245.0042069911748,244.7045687437335,244.7045687437335,11271
2021-10-27 19:45:00,244.904327575361,245.10408640698856,244.73453256847762,244.78447227638452,6376
2021-10-27 19:30:00,244.92430345852378,245.09409846540717,244.83441198429136,245.05414669908166,2171
2021-10-27 19:15:00,244.80444815954723,244.9942190495934,244.72454462689623,244.72454462689623,6393
2021-10-27 19:00:00,244.46485814578043,244.78447227638452,244.46485814578043,244.72454462689623,4072
2021-10-27 18:45:00,244.58471344475694,244.58471344475694,244.36497872996665,244.37496667154804,4386
2021-10-27 18:30:00,244.3050510804784,244.3549907883853,244.10529224885087,244.10529224885087,1011
2021-10-27 18:15:00,243.75571429350268,244.38495461312942,243.7057745855958,244.20517166466465,9622
2021-10-27 18:00:00,243.9954248914557,243.9954248914557,243.7057745855958,243.88555753406058,6974
2021-10-27 17:45:00,244.01540077461848,244.1995784173791,243.9954248914557,243.9954248914557,2041
2021-10-27 17:30:00,244.0054128330371,244.10529224885087,244.0054128330371,244.10529224885087,2969
2021-10-27 17:15:00,244.3549907883853,244.3549907883853,243.95547312513023,244.0054128330371,2037
2021-10-27 17:00:00,244.6146772695011,244.71455668531485,243.95547312513023,244.3549907883853,11327
2021-10-27 16:45:00,244.32502696364116,244.68459286057072,243.95547312513023,244.40493049629217,7350
2021-10-27 16:30:00,245.0042069911748,245.0042069911748,244.215159606246,244.215159606246,3118
2021-10-27 16:15:00,244.215159606246,245.30384523861608,244.0653404825254,244.60468932791971,262785
2021-10-27 16:00:00,245.23392964754646,245.28386935545336,243.9954248914557,244.215159606246,1468992
2021-10-27 15:45:00,245.71335084345253,249.6985395344219,245.1340502317327,245.23173230039856,606803
2021-10-27 15:30:00,244.64464109424523,245.9031217334987,244.5547496200128,245.72303914678648,970918
2021-10-27 15:15:00,246.45245852047444,246.72113414901347,244.62466521108246,244.67460491898936,681436
2021-10-27 15:00:00,247.15391165773454,247.28145767172873,246.3825429294048,246.4724344036372,380103
2021-10-27 14:45:00,247.34138532121696,247.53115621126315,246.81202441740402,247.17159031433357,351520
2021-10-27 14:30:00,247.7708668092162,247.7708668092162,247.27146973014734,247.32140943805422,241821
2021-10-27 14:15:00,248.07050505665748,248.110456822983,247.59108386075138,247.7708668092162,262431
2021-10-27 14:00:00,248.58408501277188,248.6348237560053,247.57110797758864,248.0829899836342,337575
2021-10-27 13:45:00,248.6001655987179,248.65979360995874,248.10046888140164,248.5848840480984,303956
2021-10-27 13:30:00,247.91069799135548,248.87952832474903,247.72092710130931,248.60485993126116,378850
2021-10-27 13:15:00,247.39132502912386,248.07050505665748,247.30143355489147,247.90071004977406,326260
2021-10-27 13:00:00,247.60107180233277,247.7608788676348,247.17658428512425,247.38633105833318,297066
2021-10-27 12:45:00,247.4662345909842,247.7608788676348,247.12165060642667,247.60606577312348,480704
2021-10-27 12:30:00,248.3801312456802,248.6697815515401,247.3713491459611,247.48121650335625,574738
2021-10-27 12:15:00,248.56990213572635,249.1891545137717,248.12044476456435,248.3801312456802,726071
2021-10-27 12:00:00,248.7546790549818,248.7895369711008,247.87134550152484,248.54992625256358,689559
2021-10-27 11:45:00,248.9344620034466,249.2890339295855,248.09048093982022,248.72032053594188,722361
2021-10-27 11:30:00,249.3989012869806,249.43885305330613,246.72213294317163,248.95943185740003,1661191
2021-10-27 11:15:00,248.41009507042432,250.59745427674585,247.99060152400648,249.42886511172475,1774137
2021-10-27 11:00:00,247.35087386571928,249.03933539005104,246.76208470949712,248.40510109963364,989151
2021-10-27 10:45:00,246.94186765796192,247.93237182458705,245.99301320773108,247.3313973796356,1003479
2021-10-27 10:30:00,244.97364388993577,247.56112003600728,244.84439992587275,247.01178324903154,1304710
2021-10-27 10:15:00,245.91310967508008,246.03296497405663,243.82562988457232,245.01419493275617,1412918
2021-10-27 10:00:00,247.49499986273855,248.05052917349474,244.82442404271,245.86366936425227,1444397
2021-10-27 09:45:00,244.44488226261768,249.31899775432962,242.52729735840913,247.52116826968177,3357757
2021-10-27 09:30:00,246.15282027303311,246.60227764419508,244.25511137257155,244.45487020419907,78091
2021-10-27 09:15:00,245.99301320773108,246.50239822838134,245.70336290187117,245.70336290187117,21991
2021-10-27 09:00:00,246.65221735210196,246.6821811768461,245.70336290187117,245.80424111184308,16535
2021-10-27 08:45:00,246.09289262354486,246.6921691184275,245.92309761666147,246.40251881256754,28675
2021-10-27 08:30:00,245.15402611489543,246.10288056512624,244.71435692648325,246.10288056512624,22996
2021-10-27 08:15:00,245.49551383756273,246.87195206689225,244.3050510804784,244.87436375061688,43427
2021-10-27 08:00:00,245.0042069911748,245.0042069911748,244.7045687437335,244.80444815954723,6929
2021-10-27 07:45:00,244.9143155169424,245.6034834860574,244.7045687437335,245.30384523861608,8185
2021-10-27 07:30:00,244.59470138633833,244.59470138633833,244.40493049629217,244.40493049629217,1499
2021-10-27 07:15:00,244.63465315266384,244.85438786745414,244.32502696364116,244.32502696364116,28984
2021-10-27 07:00:00,244.49482197052455,244.51479785368733,244.3549907883853,244.3549907883853,1837
2021-10-27 06:45:00,244.4748460873618,245.06413464066307,244.4748460873618,245.06413464066307,1083
2021-10-27 06:30:00,244.42490637945494,244.42490637945494,244.42490637945494,244.42490637945494,467
2021-10-27 06:15:00,244.40493049629217,244.7744843348031,244.40493049629217,244.74452051005898,2322
2021-10-27 06:00:00,244.215159606246,244.3450028468039,244.215159606246,244.3150390220598,3525
2021-10-27 05:45:00,244.40493049629217,244.40493049629217,244.33501490522252,244.33501490522252,2607
2021-10-27 05:30:00,244.215159606246,244.40493049629217,244.215159606246,244.3450028468039,785
2021-10-27 05:15:00,244.7045687437335,244.71455668531485,243.8655816508978,244.20517166466465,3910
2021-10-27 05:00:00,245.09409846540717,245.09409846540717,244.76449639322175,244.76449639322175,1246
2021-10-27 04:45:00,245.2139537643837,245.41371259601124,244.82442404271,244.82442404271,4569
2021-10-27 04:30:00,245.49361612866224,245.70336290187117,245.2139537643837,245.2139537643837,3342
2021-10-27 04:15:00,245.61347142763879,246.09289262354486,245.2139537643837,245.40372465442985,4014
2021-10-26 20:00:00,245.30384523861585,245.4536643623365,244.70456874373323,244.70456874373323,11250
2021-10-26 19:45:00,245.54355583656888,245.5835076028944,245.30384523861585,245.42370053759237,2994
2021-10-26 19:30:00,245.48362818708063,245.68338701870815,245.30384523861585,245.4037246544296,11810
2021-10-26 19:15:00,245.74331466819643,245.98302526614947,245.4536643623365,245.4536643623365,7218
2021-10-26 19:00:00,246.20275998093976,246.20275998093976,246.00300114931224,246.00300114931224,7527
2021-10-26 18:45:00,246.25269968884666,246.4125067541487,245.7133508434523,245.7133508434523,4605
2021-10-26 18:30:00,246.0928926235446,246.30263939675353,246.0129890908936,246.0129890908936,5837
2021-10-26 18:15:00,245.48362818708063,245.98302526614947,245.3637728881041,245.9730373245681,7063
2021-10-26 18:00:00,245.46365230391788,245.5036040702434,245.46365230391788,245.46365230391788,1358
2021-10-26 17:45:00,245.60348348605717,245.8032423176847,245.5036040702434,245.8032423176847,3689
2021-10-26 17:30:00,245.70336290187092,245.70336290187092,245.33380906335998,245.33380906335998,5222
2021-10-26 17:15:00,245.35378494652275,245.70336290187092,245.20396582280208,245.70336290187092,13695
2021-10-26 17:00:00,245.46365230391788,246.871952066892,245.30384523861585,245.4536643623365,14098
2021-10-26 16:45:00,246.20275998093976,246.7021570600086,245.30384523861585,245.30384523861585,15737
2021-10-26 16:30:00,245.30384523861585,247.20155413907744,245.30384523861585,246.20275998093976,71270
2021-10-26 16:15:00,246.871952066892,247.58109591916977,245.15402611489517,245.4536643623365,443652
2021-10-26 16:00:00,247.6510115102394,248.40010712884268,246.57231381945073,246.871952066892,2396106
2021-10-26 15:45:00,246.45245852047418,247.69096327656493,246.44247057889282,247.6256421386227,1223057
2021-10-26 15:30:00,246.6522173521017,247.05473139783123,246.08290468196324,246.42319385164075,1024854
2021-10-26 15:15:00,246.9718314827058,247.626041656286,246.4824223452183,246.68218117684586,896626
2021-10-26 15:00:00,246.8819400084734,247.45125267861187,246.40251881256728,246.99180736586854,624182
2021-10-26 14:45:00,247.7908426923787,248.4400588951682,246.84198824214786,246.86196412531064,742784
2021-10-26 14:30:00,248.66478758074916,248.83957655842326,247.67098739340216,247.7508909260532,781892
2021-10-26 14:15:00,248.6398177267957,249.18915451377146,248.11045682298274,248.67477552233055,1100839
2021-10-26 14:00:00,247.6510115102394,248.73999678085693,247.59108386075113,248.58778055115675,949652
2021-10-26 13:45:00,247.20155413907744,248.72970920102813,247.1216506064264,247.62923779759203,1158991
2021-10-26 13:30:00,246.6522173521017,247.50119238651877,245.99301320773085,247.21154208065883,816111
2021-10-26 13:15:00,246.34259116307902,247.04174707377544,245.77327849294056,246.66220529368312,1171703
2021-10-26 13:00:00,245.6733990771268,246.37245510840737,243.75571429350245,246.3625670462418,2004121
2021-10-26 12:45:00,247.09668075247302,248.35835753303252,245.38374877126688,245.683486898124,1321110
2021-10-26 12:30:00,246.6122655857762,247.68467087336865,246.42249469573005,247.09168678168228,966593
2021-10-26 12:15:00,246.3625670462418,246.69216911842724,245.05414669908143,246.5526375745354,1245298
2021-10-26 12:00:00,247.60037264642185,247.6510115102394,246.18667939499375,246.39253087098592,1068633
2021-10-26 11:45:00,248.89950420791152,249.03833659589264,246.14782630224218,247.59108386075113,1859639
2021-10-26 11:30:00,247.60107180233254,249.2931289856336,247.32390642344933,248.87952832474878,1370905
2021-10-26 11:15:00,249.38991213955714,249.65858776809617,247.23151796382157,247.63313309480873,2419824
2021-10-26 11:00:00,250.5550055250247,251.42645342799986,249.35894952065485,249.39890128698036,1934584
2021-10-26 10:45:00,249.6785636512589,252.28541640399828,249.52874452753827,250.5624964812108,3080228
2021-10-26 10:30:00,250.32278588325772,250.90708046576827,248.25018812570622,249.6885515928403,3709194
2021-10-26 10:15:00,245.94307349982398,250.38770750353666,245.44367642075514,250.2928220585136,3743009
2021-10-26 10:00:00,243.2282510985899,246.58230176103208,243.2282510985899,245.99301320773085,2662139
2021-10-26 09:45:00,239.60073059564965,244.5547496200126,238.95151439286016,243.2463292728522,5699430
2021-10-26 09:30:00,238.77173144439539,239.83045325202133,238.73177967806987,239.68063412830068,96767
2021-10-26 09:15:00,238.47209319695406,239.20121293239458,238.47209319695406,238.73177967806987,60438
2021-10-26 09:00:00,239.2311767571387,239.2311767571387,237.71300963676944,238.40217760588442,71681
2021-10-26 08:45:00,239.1113214581622,239.32106823137113,239.1113214581622,239.25115264030146,33980
2021-10-26 08:30:00,239.12210843507006,239.21120087397597,238.87161086020913,239.21120087397597,18616
2021-10-26 08:15:00,237.51315092572608,239.60073059564965,237.31349197351435,239.0903467808413,112665
2021-10-26 08:00:00,238.31228613165203,238.53202084644232,238.17245494951277,238.53202084644232,12268
2021-10-26 07:45:00,237.8128890525832,238.38220172272167,237.8128890525832,238.31228613165203,27928
2021-10-26 07:30:00,238.02263582579212,238.21240671583828,237.7729372862577,237.96270817630386,22500
2021-10-26 07:15:00,237.303504031933,238.09255141686174,237.303504031933,238.09255141686174,23582
2021-10-26 07:00:00,237.2535643240261,237.69303375360667,237.2535643240261,237.26355226560747,8025
2021-10-26 06:45:00,236.78413106970137,237.23358844086334,236.78413106970137,237.23358844086334,2361
2021-10-26 06:30:00,237.6830458120253,237.6830458120253,236.88401048551515,236.88401048551515,7364
2021-10-26 06:15:00,237.71300963676944,237.71300963676944,237.6830458120253,237.6830458120253,2614
2021-10-26 06:00:00,237.88280464365283,237.88280464365283,237.87281670207145,237.87281670207145,1030
2021-10-26 05:45:00,237.71300963676944,237.95272023472248,237.61313022095567,237.95272023472248,3377
2021-10-26 05:30:00,237.80290111100183,237.91276846839696,237.71300963676944,237.91276846839696,4277
2021-10-26 05:15:00,237.52323874672328,237.96270817630386,237.52323874672328,237.96270817630386,2023
2021-10-26 05:00:00,237.47329903881638,237.6430940456998,237.47329903881638,237.6430940456998,1000
2021-10-26 04:45:00,237.0837693171427,237.19363667453783,237.06379343397992,237.19363667453783,1925
2021-10-26 04:30:00,237.58316639621154,237.89279258523422,237.06379343397992,237.06379343397992,9355
2021-10-26 04:15:00,236.13491486691188,237.71300963676944,236.13491486691188,237.5132508051419,7865
2021-10-25 20:00:00,235.71542132049353,235.96511986002795,235.4657227809591,235.4657227809591,15377
2021-10-25 19:45:00,235.71542132049353,235.81520085689147,235.31590365723847,235.36584336514534,4448
2021-10-25 19:30:00,235.71542132049353,235.91518015212105,235.71542132049353,235.9051922105397,4812
2021-10-25 19:15:00,235.71542132049353,236.1748666332369,235.71542132049353,235.71542132049353,8918
2021-10-25 19:00:00,234.71662716235585,236.71421547863122,234.71662716235585,235.96511986002795,24051
2021-10-25 18:45:00,234.96632570189027,235.2160242414247,234.71662716235585,235.01626540979717,24775
2021-10-25 18:30:00,234.7066392207745,235.1760724750992,234.67667539603036,234.91638599398337,19945
2021-10-25 18:15:00,234.29713361593804,234.68666333761172,233.76777271212507,234.66668745444895,17610
2021-10-25 18:00:00,233.75778477054365,234.217230083287,233.72782094579952,234.217230083287,8426
2021-10-25 17:45:00,232.71903884608048,234.36704920700765,232.71903884608048,233.84767624477607,29217
2021-10-25 17:30:00,232.3594729491509,232.71903884608048,232.3195211828254,232.71903884608048,19419
2021-10-25 17:15:00,232.3195211828254,232.36946089073228,231.97993116905857,232.3195211828254,4567
2021-10-25 17:00:00,232.36946089073228,232.36946089073228,232.21964176701164,232.29954529966267,11362
2021-10-25 16:45:00,231.97993116905857,232.36946089073228,231.380654674176,232.3195211828254,32809
2021-10-25 16:30:00,231.61037733054764,232.29954529966267,231.380654674176,231.82012410375657,111700
2021-10-25 16:15:00,231.380654674176,231.70026880478002,231.380654674176,231.61037733054764,732141
2021-10-25 16:00:00,232.2795694164999,232.43937648180193,230.86128171194437,231.380654674176,1434691
2021-10-25 15:45:00,232.58919560552258,232.64912325501084,232.03985881854686,232.26958147491854,608131
2021-10-25 15:30:00,233.15850827566106,233.17848415882384,232.2396176501744,232.59918354710396,524800
2021-10-25 15:15:00,232.98871326877767,233.2682757536404,232.7989423787315,233.13164071280715,510417
2021-10-25 15:00:00,232.76897855398738,233.1385323924983,232.57820886978308,232.96883726503071,355043
2021-10-25 14:45:00,232.87385194059183,232.9701356974363,232.679087079755,232.73901472924325,483286
2021-10-25 14:30:00,232.81392429110355,232.9687373856149,232.64912325501084,232.89852215629782,364535
2021-10-25 14:15:00,232.46934030654606,232.96604064138793,232.26958147491854,232.7842601046069,403334
2021-10-25 14:00:00,232.15971411752338,232.7490026708246,232.15971411752338,232.43328383743727,334885
2021-10-25 13:45:00,232.04984676012825,232.3594729491509,231.92000351957032,232.1526226790006,303917
2021-10-25 13:30:00,232.07981058487238,232.2795694164999,231.73023262952415,232.08480455566306,421750
2021-10-25 13:15:00,232.4943101604995,232.75899061240597,231.88005175324483,232.09978646803512,629831
2021-10-25 13:00:00,232.4593523649647,232.6990629629177,231.93888072915914,232.4993041312902,707190
2021-10-25 12:45:00,231.9399794027331,232.63913531342945,231.53047379789663,232.4593523649647,819156
2021-10-25 12:30:00,231.10099230989744,231.96944383039815,230.742425207126,231.88005175324483,989334
2021-10-25 12:15:00,230.17211374282937,231.17090790096705,230.07233420643144,231.10099230989744,856537
2021-10-25 12:00:00,230.28198110022453,230.37187257445692,230.05225844385288,230.15213785966662,460212
2021-10-25 11:45:00,230.082222268597,230.4717519902707,229.53288548162126,230.28198110022453,733959
2021-10-25 11:30:00,229.54287342320265,230.14214991808524,229.19329546785445,230.10719212255043,609896
2021-10-25 11:15:00,228.7438380966925,229.54287342320265,228.5141154403208,229.53288548162126,568509
2021-10-25 11:00:00,228.2244651344609,229.10130652588998,228.07464601074025,228.7438380966925,601327
2021-10-25 10:45:00,228.75382603827387,228.7915804574515,227.92482688701958,228.20448925129813,886046
2021-10-25 10:30:00,227.7550318801362,228.80376574618077,227.51532128218312,228.76880795064594,909396
2021-10-25 10:15:00,228.55406720664635,228.71387427194838,227.42542980795074,227.73515587638923,1318627
2021-10-25 10:00:00,229.22325929259858,229.6427528390164,228.09781803520903,228.5290973526929,1429517
2021-10-25 09:45:00,229.45298194897023,231.30864161537426,227.99474247808925,229.31315076683097,2733219
2021-10-25 09:30:00,230.1221740349225,230.18210168441078,229.1233798767848,229.29317488366823,33548
2021-10-25 09:15:00,229.92241520329495,230.2020775675735,229.8225357874812,230.162125801248,42170
2021-10-25 09:00:00,230.22205345073627,230.4218122823638,229.92241520329495,230.02229461910875,30811
2021-10-25 08:45:00,229.197290644487,230.22205345073627,229.02350046097106,230.22205345073627,57992
2021-10-25 08:30:00,229.21327135101723,229.32313870841236,229.03348840255242,229.03348840255242,8656
2021-10-25 08:15:00,228.7243616106088,229.44299400738888,226.41864529654796,229.32313870841236,35943
2021-10-25 08:00:00,229.17331958469168,229.472957832133,229.17331958469168,229.4230181242261,21412
2021-10-25 07:45:00,228.97356075306416,229.21327135101723,228.97356075306416,229.21327135101723,4284
2021-10-25 07:30:00,228.97356075306416,229.1333678183662,228.81375368776213,228.92362104515726,6966
2021-10-25 07:15:00,228.98354869464552,229.32313870841236,228.55406720664635,229.02350046097106,18238
2021-10-25 07:00:00,229.08342811045932,229.24323517576136,229.08342811045932,229.24323517576136,499
2021-10-25 06:45:00,229.71266843008607,229.71266843008607,229.5228975400399,229.5228975400399,1419
2021-10-25 06:30:00,229.2532231173427,229.97235491120185,229.2532231173427,229.72265637166743,10138
2021-10-25 06:15:00,228.0546701275775,229.22325929259858,228.0546701275775,229.22325929259858,2629
2021-10-25 06:00:00,228.48415161557668,228.48415161557668,228.23445307604226,228.23445307604226,542
2021-10-25 05:45:00,228.71387427194838,228.71387427194838,228.68391044720425,228.68391044720425,264
2021-10-25 05:30:00,229.21327135101723,229.22325929259858,229.21327135101723,229.22325929259858,2612
2021-10-25 05:15:00,228.07464601074025,229.33312664999374,228.07464601074025,229.0035245778083,7087
2021-10-25 05:00:00,227.91483894543822,228.02470630283338,227.90485100385683,228.02470630283338,2322
2021-10-25 04:45:00,227.92482688701958,227.92482688701958,227.70509217222929,227.7150801138107,2809
2021-10-25 04:30:00,228.59401897297184,228.59401897297184,228.174525426554,228.174525426554,1967
2021-10-25 04:15:00,228.36429631660016,228.60400691455322,228.36429631660016,228.60400691455322,838
